url,posttime,text,crawled_time,attachment_link,attachment_img,attachment_img_alt,attachment_title,attachment_brief
"https://www.facebook.com/cowbayfit/posts/2106488106325667","[Error]: TypeError: Cannot read property 'attribs' of undefined","","1571287300","undefined","undefined","undefined","undefined","undefined"
"https://www.facebook.com/cowbayfit/posts/2112014155773062","[Error]: TypeError: Cannot read property 'attribs' of undefined","","1571287300","undefined","undefined","undefined","undefined","undefined"
"https://www.facebook.com/cowbayfit/posts/2106486109659200","[Error]: TypeError: Cannot read property 'attribs' of undefined","","1571287300","undefined","undefined","undefined","undefined","undefined"
"https://www.facebook.com/cowbayfit/posts/2112005895773888","[Error]: TypeError: Cannot read property 'attribs' of undefined","","1571287300","undefined","undefined","undefined","undefined","undefined"
"https://www.facebook.com/cowbayfit/posts/2112013795773098","1570632350","#靠北健身界26434

 一年前加入健身界至今略有小成，在台中某健身房認識一名女性會員，所言甚歡，覺得追求有望，也確認過眼神。
三個月後我決定約他去健身房以外的地方（之前都是約去健身房的時間）
我：不知道你這禮拜六有空嗎？要不要一起去大坑爬山走走？
女：我喜歡正經一點的地方。
......
我：....什麼意思？
對方一臉靦腆的笑著離開了
我追上去繼續問：那你有想去的地方嗎？
女：我再想想。
然後就沒下文了。

 那次過後對方明顯有想跟我保持距離的感覺
問她，她都說：沒有阿，哈哈

 我不明白

 是健身房有我不知道的潛規則嗎？

 我真的不明白

 大坑難道不是正經的地方嗎！？

 我真的真的不明白阿～～～～！！

 Submitted: September 17, 2019 12:15:46 PM CST","1571287300","undefined","undefined","undefined","undefined","undefined"
"https://www.facebook.com/cowbayfit/posts/2112013695773108","[Error]: TypeError: Cannot read property 'attribs' of undefined","","1571287301","undefined","undefined","undefined","undefined","undefined"
"https://www.facebook.com/cowbayfit/posts/2112005612440583","1570631888","#靠北健身界26387

 靠背蔬菜world gym長春資深高層續約主管從來都沒有幫學生上過課也可以分單分四分之一或是均分

 Submitted: September 13, 2019 11:52:48 PM CST","1571287301","undefined","undefined","undefined","undefined","undefined"
"https://www.facebook.com/cowbayfit/posts/2106483729659438","[Error]: TypeError: Cannot read property 'attribs' of undefined","","1571287301","undefined","undefined","undefined","undefined","undefined"
"https://www.facebook.com/cowbayfit/posts/2112006969107114","[Error]: TypeError: Cannot read property 'attribs' of undefined","","1571287301","undefined","undefined","undefined","undefined","undefined"
"https://www.facebook.com/cowbayfit/posts/2110481479259663","1570457137","#靠北健身界26368

 在高雄勞工夜市
看到一名肌肉情侶
女的約160、75上下 倒三角胸肌... 臀部 屁股好肥大
健美先生屁股...目測44起跳 
真的吸引很多人目光....
身邊男伴已反胃
旁邊小孩聽到說 爸爸那是男生嗎？
旁邊支支吾吾說小聲點可能是人妖
身材很不科學 胖胖的但屁股也太...肥大額外多一個健美先生屁股...都以為是男生了 沒有胸部....
懷疑是不是打針吃藥

 金剛巴比
各位怎麼看呢？

 投稿日期： 2019年9月11日 15:34 CST","1571287301","undefined","undefined","undefined","undefined","undefined"
"https://www.facebook.com/cowbayfit/posts/2112013192439825","1570632292","#靠北健身界26424

 某位刺青健身人
你不巨
都是脂肪 脂肪 脂肪

 在G情健身貼就算了
跑來爆瘦公社貼幹嘛
又不瘦 又沒提供方法
秀那種鳥身材
刺青都糊在一起了
看不懂你在自戀什麼

 騙一些外行人的讚 很爽嗎？

 #已封鎖
#布羅利都在哭了
#賽亞人有尾巴

 Submitted: September 16, 2019 9:50:33 PM CST","1571287302","undefined","undefined","undefined","undefined","undefined"
"https://www.facebook.com/cowbayfit/posts/2112013295773148","1570632300","#靠北健身界26426

 為何自從XX工廠上市之後教練體態爛的比例越來越高
以往看到體態好的教練都跳槽或者跑出去開工作室
像是阿館也說某個選手也跳去他那邊拿贊助好好訓練準備比賽
是這公司上市後開始走向WG化嗎?

 Submitted: September 16, 2019 11:14:44 PM CST","1571287302","undefined","undefined","undefined","undefined","undefined"
"https://www.facebook.com/cowbayfit/posts/2112014092439735","1570632379","#靠北健身界26435

 為何一堆明明有用黑魔法的健身 youtuber, 始終都只是在拍一些怎麼吃 怎麼練,卻始終不透漏怎麼用呢?
明明現在國內的比賽已經這麼多人開始在用了..台灣有這種敢公開談論的健身youtuber嗎? 有的話我絕對支持! 

 Submitted: September 17, 2019 3:14:15 PM CST","1571287302","undefined","undefined","undefined","undefined","undefined"
"https://www.facebook.com/cowbayfit/posts/2112005205773957","1570631858","#靠北健身界26381

 新竹某健身房。。。。
一個白皙高挑曲線有致的小姐姐
突然來自由槓啞鈴區練臀腿
不是刻意帶有色眼光看
但馬里亞納海溝太過雄偉
半數的男士都練不下去了
可以包緊一點嗎？

 (羨慕有身高有腿有胸有臀的女生)

 Submitted: September 13, 2019 3:33:37 PM CST","1571287302","undefined","undefined","undefined","undefined","undefined"
"https://www.facebook.com/cowbayfit/posts/2112011495773328","1570632165","#靠北健身界26411

 最近松仁蔬菜櫃檯換了一些新客服，我想問到底是誰在應徵新人阿？一踏進店裡滿滿的不耐煩，至少也讓女生來當櫃檯吧，至少我看到女生擺臭臉還比較能接受....

 Submitted: September 11, 2019 1:18:34 AM CST","1571287302","undefined","undefined","undefined","undefined","undefined"
"https://www.facebook.com/cowbayfit/posts/2112007302440414","1570632020","#靠北健身界26410

 卜蜂清雞胸肉一公斤110元
還在那邊裝死不知道在辯論一公斤還一斤
不信的話直接找卜蜂批發聯絡吧
還有他們也有出貨給好市多 別說品質差了拜託
同為批發商 價格差很多呢

 Submitted: September 15, 2019 10:29:53 PM CST","1571287302","undefined","undefined","undefined","undefined","undefined"
"https://www.facebook.com/cowbayfit/posts/2112013455773132","1570632310","#靠北健身界26429

 有研習證書就可以教孕婦？還掛名ACE教練？
瘦就可以當教練？
我看後山的蔬菜都比你嬸強啦

 Submitted: September 17, 2019 1:00:40 AM CST","1571287302","undefined","undefined","undefined","undefined","undefined"
"https://www.facebook.com/cowbayfit/posts/2112012702439874","1570632255","#靠北健身界26419

 要靠北一下
我真的覺得新店建公不錯
但抹布跟酒精真的太少太少了
我前幾天續約的時候也跟業務提了一下 真的太少了
不管是要用bench擦的時候要等
用器材的時候要穿過大半的訓練區去拿
為什麼伸展區那邊沒有任何酒精跟抹布
上次在那邊伸展的時候躺到一張濕濕臭臭還有汗的軟墊真的很噁心!!!
而且每一條抹布真他媽的臭!!
拿完抹布擦完之後那個手上臭味很恐怖
一邊練一邊想吐
本來以為是自己身上衣服在臭
結果跑去洗個手發現竟然是剛剛摸完抹布造成的，
太噁心了，抹布上都是汗臭是怎樣。
不能更換一下抹布嗎?
還有不能多提供幾罐酒精嗎?
昨天要擦器材
結果最近的都不見了竟然要穿越大半個廠才有酒精能用 抹布原地還有
把東西佔在那邊我也很不好意思好嗎?

 Submitted: September 16, 2019 5:14:56 PM CST","1571287302","undefined","undefined","undefined","undefined","undefined"
"https://www.facebook.com/cowbayfit/posts/2112007259107085","1570632016","#靠北健身界26409

 用藥會增加產生心血管疾病、中風的機會嗎？

 Submitted: September 15, 2019 10:10:16 PM CST","1571287302","undefined","undefined","undefined","undefined","undefined"
"https://www.facebook.com/cowbayfit/posts/2110480489259762","1570457065","#靠北健身界26355

 台中崇德萵苣真的很讚👍🏻 大推～ 
一堂課不用一千真的很便宜(￣▽￣)
想買課主管會幫忙想辦法真的很貼心（＾ω＾）

 投稿日期： 2019年9月11日 02:12 CST","1571287302","undefined","undefined","undefined","undefined","undefined"
"https://www.facebook.com/cowbayfit/posts/2112005415773936","1570631872","#靠北健身界26384

 靠北健工復興館一堆練舉重三項的,下午一堆晚上一堆,最近改成一早起馬上衝去練的習慣結果看到一個嬌小的在舉好重拉好重推好重,好可愛ㄛ有人知道她誰嗎？

 Submitted: September 13, 2019 8:24:57 PM CST","1571287302","undefined","undefined","undefined","undefined","undefined"
"https://www.facebook.com/cowbayfit/posts/2112013042439840","1570632284","#靠北健身界26423

 有人聽過啞粥核心訓練師嗎？
核心訓練要另外的證照噢？
那深蹲要不要一個證照？硬舉也來一個嘛？
考了一張這樣的證照，就說自己是第一位啞粥訓練師？口氣好大？
人人都想當教練，啞粥名氣好大喔？
是騙一般民眾不知道嗎

 Submitted: September 16, 2019 7:24:56 PM CST","1571287303","undefined","undefined","undefined","undefined","undefined"
"https://www.facebook.com/cowbayfit/posts/2106480699659741","1569982287","#靠北健身界26290

 館長的邏輯

 https://www.mobile01.com/topicdetail.php?f=37&t=5888356

 投稿日期： 2019年9月3日 08:20 CST","1571287303","undefined","undefined","undefined","undefined","undefined"
"https://www.facebook.com/cowbayfit/posts/2106486962992448:0","1569983013","#靠北健身界26322

 靠北更衣室裡面可以在轉角處加反射鏡嗎
跟馬路轉角處那個一樣
每次都有北七不知在急三小 一直撞到人

 投稿日期： 2019年9月9日 13:49 CST","1571287303","/cowbayfit/photos/a.1494422597532224/2106486962992448/?type=3&eid=ARCypVlVUDysnoJWtXaXc-hdt76URuOwtAwgFhyog_MjY0QgIAsP2t7vrsjsA-Z_HEmPRY6Uf23d7EQ7&__xts__%5B0%5D=68.ARCbxKPX4xVDPMQg5UIplvmAfyhVQeKN511OP62wfkEfusOavGv36QJZJhT2wSx1KZT7CxNX3Becv6i6R0yuM0Q402U85yMAoOj5t1Czhaa7qqqJPh0GKFV0NNJq6Rg4edoQ_DYTu04odGBxgBxx-tuNBVAnmzmatpgta3CQCREzvKtUS_p5iH39t6WmS_2KKF5TAwv_TuTTGh5gWWBxrfL-N3HnUjztwzE8TzeZ20p72qWze1ku7epXp29isWHG40trOD0N4K7pyjkKvSBImRhTbO1cbgYKGfUp8CHAiVc0cqfc_DxJ6Z22n04zRcHAxTASNphzD8_hUXGBR9-F8j3joGSI&__tn__=EHH-R","https://scontent-frx5-1.xx.fbcdn.net/v/t1.0-0/p526x296/71199677_2106486969659114_5847975380870234112_n.jpg?_nc_cat=100&_nc_oc=AQlwrLwKZM9fVpaxCgBvgiuHdcm-rUVSTpNy-tUW8xpisy0y_vahMpyC9syaOlGtNzlc2nH-XETgPVdV8fKOMJiy&_nc_ht=scontent-frx5-1.xx&oh=d8b664d1fdaf8bc0e89e0873c5a40ee6&oe=5E607ECB","undefined","",""
"https://www.facebook.com/cowbayfit/posts/2112013395773138","1570632306","#靠北健身界26428

 套裝團體課程的教練也是要有證照的對吧？
一堆健身房讓教練偷教是怎樣？
認真繳錢受訓的是凱子？

 Submitted: September 17, 2019 12:28:54 AM CST","1571287303","undefined","undefined","undefined","undefined","undefined"
"https://www.facebook.com/cowbayfit/posts/2106463012994843","1569979993","#靠北健身界26258

 這個版好多靠北蔬菜的文，想請問各大大是否有人被提告呢？
我認為做生意就應該接受被批評指教，但有的業者可能會惱羞成怒。

 投稿日期： 2019年9月6日 17:14 CST","1571287303","undefined","undefined","undefined","undefined","undefined"
"https://www.facebook.com/cowbayfit/posts/2112012899106521","1570632271","#靠北健身界26421

 現在連劉翔也跳槽建工了嗎
最近看他影片都在建工

 Submitted: September 16, 2019 6:34:19 PM CST","1571287303","undefined","undefined","undefined","undefined","undefined"
"https://www.facebook.com/cowbayfit/posts/2106487496325728","[Error]: TypeError: Cannot read property 'attribs' of undefined","","1571287303","undefined","undefined","undefined","undefined","undefined"
"https://www.facebook.com/cowbayfit/posts/2106482449659566","1569982492","#靠北健身界26299

 跪求有耐性 認真 南港松山內湖區自由教練 有團課 私人課都好 想要減肥重訓阿 SOS
男女不拘

 投稿日期： 2019年9月8日 01:55 CST","1571287303","undefined","undefined","undefined","undefined","undefined"
"https://www.facebook.com/cowbayfit/posts/2112012072439937","[Error]: TypeError: Cannot read property 'attribs' of undefined","","1571287303","undefined","undefined","undefined","undefined","undefined"
"https://www.facebook.com/cowbayfit/posts/2112005792440565","1570631903","#靠北健身界26390

 打藥真的很容易凝血... 祝早日康復 健體父親

 Submitted: September 14, 2019 1:37:02 AM CST","1571287303","undefined","undefined","undefined","undefined","undefined"
"https://www.facebook.com/cowbayfit/posts/2110481585926319:0","1570457148","#靠北健身界26369

 雙十world gym裡面有個怪人，每組前都要先拍手然後大喊：come on come on let’s go

 吵死了，疏菜出來維護下環境好嗎！？

 投稿日期： 2019年9月12日 16:29 CST","1571287303","/cowbayfit/photos/a.1494422597532224/2110481585926319/?type=3&eid=ARD2BU6tFou1Ew21SytzLA6ygFvw65Q5D_QzdeUhRhn6xjhDZY645T75QjDluG9B2XzcipPP2KEnDtj-&__xts__%5B0%5D=68.ARBSsr3hZPii5T8-o1s1sTcmiy6-VMYO9eXyq2_49j0C3TWcRS3uZfjIJIdUh3FdgPLof_k-pm0DBOzuR0x83Nk88sNtLVT-CHHY_2S5dXFaDphxQUbUlo8L8AK6d6dp5Npnt8yT41rwk03nD3wY6xEt0AbnurEUJJkjMw_qg5rd_35WSzjCM9WHMCleoMNDlWexuuUHW0PuvefMsnXKLCQePHjK4YfW6iKY_KG4ePliZh7Cx-yZ1K6zEnNOV7iffpLiEgjxstsvCSP9mpiHRDgNtm64BGRZ7MZTFgDNU0i75nXDWUqTzEyesWZ1l-DCKN4Y4DG7yEESUPMyGyrzooXeNJBm&__tn__=EEHH-R","https://scontent-lga3-1.xx.fbcdn.net/v/t1.0-0/p526x296/71820635_2110481595926318_9013199843744546816_o.jpg?_nc_cat=104&_nc_oc=AQmH5hYkaBirT8pfZQUDv5wbqy827vGvHuM7XnpHJPvV3pk0Wiho0hUR2sovqNFAg0U&_nc_ht=scontent-lga3-1.xx&oh=37ffcde620a65617370d831c0600c688&oe=5E1969FC","undefined","",""
"https://www.facebook.com/cowbayfit/posts/2106479202993224:0","1569982143","#靠北健身界26283

 練這麼久 扁成這樣
還是有一堆女生覺得她翹臀
是不是都沒看過肌肉長怎樣啊

 之前糖果絲上傳了一張背影照要粉絲猜是誰
結果一堆傻妞認成這位
替原主人感到悲哀
那麼努力備賽 身材卻被認錯
兩個等級完全不同好咪

 投稿日期： 2019年8月28日 14:43 CST","1571287303","/cowbayfit/photos/a.1494422597532224/2106479202993224/?type=3&eid=ARAi1ELcK4J1AxToMAqP_ELBSZgPCsLFXOCcbKaec7phsvrgtGd7W-CFatG92pEZwG2MTQwiuXdhJHZd&__xts__%5B0%5D=68.ARBLcbYDgXft9QOJ02pulyBiS4BKFbZ7m_erLs1aa5oSxtiA1XniwfnR9DGxeA9GRl_at34ljQkFPZ5_zfovQaJ_HPON430RrRNi3kfiICA-UL6F5qiwnXC4V8xclInTAnn6i5nMZlMWmXSL9Gwn-1Sbhh-Go6kVj01fe_9_pCbmm_DlCWb6CG8wXmJK5Yup6VjmRbwTmCNbhj56RC72Fc0j3HvUN3_PZIm86xTETdtGvpMrvSBRTl8BKMGQB1n2ULk5LBvYSD1uSSKqLvfiRzngmf9eV5lFDgwNqzMkkyPGJR_ntCXbZocQa5qxSZao054Vn5s9WpgVQzlg8sl0pf1gB579&__tn__=EEHH-R","https://scontent-lga3-1.xx.fbcdn.net/v/t1.0-0/s600x600/71601306_2106479209659890_6396706196518076416_n.jpg?_nc_cat=101&_nc_oc=AQmTtzmf_87orSWEXP0PUnm2IXYaoRAKJCDPHXtvNftmN60-h9qCMU41WsgH8SmDWiE&_nc_ht=scontent-lga3-1.xx&oh=7b9fbad559e0e292cbd34c50953e6c0d&oe=5E268045","undefined","",""
"https://www.facebook.com/cowbayfit/posts/2110478752593269","1570456954","#靠北健身界26339

 瞧瞧萵苣的歷史紀錄，千萬別忍氣吞聲啊，
太過份的就別客氣，該申訴的就給它留下紀錄吧～

 投稿日期： 2019年9月10日 05:51 CST","1571287304","/cowbayfit/photos/pcb.2110478752593269/2110478712593273/?type=3&__tn__=HH-R&eid=ARA0x-XJmuMQwPbNi8B_hRIpSkBwSvCzG1Rp7feDU1FyTOk28sqMFN0NkLqm-FwFKkCdmswzcYN07SKD&__xts__%5B0%5D=68.ARCeQKe6gILS0heDr8CEylm9C5GzrQwRlsNOqtouJeU_PORNbvhG8oXVAtWkYCPi-J19koOlPFUgRtg42CWm8B7yk2yLY4IbwNsooTub0Vx8aPBtIbs8EinKwGgaISOg5xORA25vz_nRvpd8CdtARk7rDY4Lxzi2ZY04YvhYVP9p21s1loBc-Je0m4Goh2a3EXigzPBWBS8RSHJl4kXvPr-QzGz-rqEmM9MJxFrSrs3T9rBmsI9o8NNFrpmO5BAC476vt7Az3q7tBQ3pzlX3e2G2LJ_h0lSizIgn8ixZFj8J4ZOC3TyOKNzh2Dv8Dasof4YZgAxFgqrP8a5PkDu0RHhPSfjD","https://scontent-arn2-1.xx.fbcdn.net/v/t1.0-0/p370x247/72468401_2110478719259939_251064276087734272_n.jpg?_nc_cat=100&_nc_oc=AQm9zgfgVM-htjRomMu0Rkreghn9o3JhtTXq0spAMt6lxCvkZEYv--5Zjt4wgLThczI&_nc_ht=scontent-arn2-1.xx&oh=1384834f95426b87638eccdbbfd0b80e&oe=5E29C42F","undefined","",""
"https://www.facebook.com/cowbayfit/posts/2106486606325817","1569982966","#靠北健身界26318

 我要靠北台中全真
打電話問業務就會報低價

 然後假裝沒有事先打電話問價格,不指定業務直接參觀,業務就會報高價,然後自己在那邊砍價,一直在那邊來來回回請示主管,價格根本就不公開透明,擺明是要宰肥羊

 投稿日期： 2019年9月9日 04:47 CST","1571287304","undefined","undefined","undefined","undefined","undefined"
"https://www.facebook.com/cowbayfit/posts/2106482916326186","1569982547","#靠北健身界26306

 姐來靠北一下
最近去台中中X健身房大里館
搞不懂某些男生到底是去健身還是去把妹的
瘦成這樣還敢來跟我說覺得妳很可愛能不能認識一下
你他媽怎麼不去照一下鏡子 吃大便比較快🤔

 投稿日期： 2019年9月8日 13:47 CST","1571287304","undefined","undefined","undefined","undefined","undefined"
"https://www.facebook.com/cowbayfit/posts/2110482692592875:0","1570457232","#靠北健身界26375

 有沒有菜店教練在電話裡罵會員嗆說：
「你再客訴再寫信給公司，課也別上了，請你自己辦終止，老娘不爽上了，錢也不會退給你！」的八卦！？ 
最後也真的照做了，幫公司白白坑會員幾十萬一副理所當然，都會員活該，甘她屁事，她有獎金有錢賺就好。教練騙代刷騙業績求人的時候理所當然，為了利益幹什麼事都自動合理化！Oxxo教練
這種教練還是爽爽過，什麼事也沒有，誰叫人家是最會賣課，還會幫蔬菜省錢的優質教練！！！
#先賣一堆課再把人弄走的教練

 #要業績的時後千拜託萬拜託求人幫，過度推銷一堆上不完，#不惜騙會員說她要自己出錢，積一堆最後連一堂課都沒上就把人踢走，#白白坑人幾十萬，
#因為游大教練不爽說她不爽上。

 #該公司卻說這些發生在我身上的的不是事實，都是抹黑？
#該公司處理方式就是開除消費者會籍白坑人幾十萬
www.worldgymtaiwan.com/zh-tw/teacher#teachers!id=73

 投稿日期： 2019年9月13日 10:15 CST","1571287304","/cowbayfit/photos/a.1494422597532224/2110482692592875/?type=3&eid=ARB7sfo-73esbIxf6ZQsfoEQiX6y78e3v2aFeW_2itUtuUP3eN-7HN7cfrtxN_b3FXpSnYmpbKfZ6LTH&__xts__%5B0%5D=68.ARCJVVeYjgbHGR90ZQXpn1DZ1VH4p1qYJ_h__DSe34gdVH-8HsFEYSK63Ua33w_oawBOEsCZEpaOXhAAPMwT_pRcXY6GF_I01JWvlqTqqyFapim7c3n2LfwB8dfobqwM-GqeNmPiKgFd9LpdA56WfqQ0nvJMUJ4rpXWljUTQKd0p3UTtBMCCjkJcsL5QeAaBJKfyyaiUivzClxkwXjx9g77O5agfahjXDg_vAdfVfpguGviWRKwrAKv5HGiswh9yji8hVpLskIXlx_CPTHPzA5rWRMZCMsGMP882ayubWsIXd5jA_RpvN4oiemhl332-sMvRSE9vZYuAVh-Yll819EHVy1_O&__tn__=EEHH-R","https://scontent-sin6-1.xx.fbcdn.net/v/t1.0-0/p526x296/72620385_2110482699259541_5632278584212062208_n.jpg?_nc_cat=109&_nc_oc=AQle0hTnjgXdh7v9b2Oq9-UW6wWH5ug57pGQB7adjK-QHmT55H4BXL9VNALTSvz7fZY&_nc_ht=scontent-sin6-1.xx&oh=9d1d2c3d33aa80142c10a14fc8f4888c&oe=5E2F6D83","undefined","",""
"https://www.facebook.com/cowbayfit/posts/2112005472440597","1570631877","#靠北健身界26385

 不會練 不打緊 勤能補拙
沒禮貌沒教養 沒藥醫 
三多健x的那個常常ㄧ次暫用多臺器材的老會員阿北
不要臉 天下無敵

 Submitted: September 13, 2019 8:40:08 PM CST","1571287304","undefined","undefined","undefined","undefined","undefined"
"https://www.facebook.com/cowbayfit/posts/2106482856326192","1569982542","#靠北健身界26305

 最近版上好像又有沒鎖櫃子的靠北文
我就來分享一個好笑到靠北的真實故事好了

 前幾天應該是9/2晚上我到淡水建工運動
中間進去洗手間幾次(分別是8點多跟9點多)
都看到一個人坐在那裏看手機
我心想奇怪他怎麼一直坐在那裡
運動完不回家至少也坐沙發區比較舒服不是?
結果到了10點40左右
我換完衣服要走出更衣室時就聽到那個人爆氣
大罵「你為什麼要鎖我櫃子」
後面就是一連串的「旁邊也沒鎖你幹嘛不去鎖他們的」
害我差點笑死 XD
鎖人櫃子的也太有趣
還回頭去解鎖
是我就給他鎖到關門了 XD
奉勸各位還是要記得鎖櫃子呀
不然真的會有人幫你們鎖
然後鎖人櫃子的如果不想把鎖頭留著
那建議真的可以買束帶啦
不要還回頭去解鎖
這樣會被埋伏的

 投稿日期： 2019年9月8日 11:47 CST","1571287304","undefined","undefined","undefined","undefined","undefined"
"https://www.facebook.com/cowbayfit/posts/2112011752439969","1570632185","#靠北健身界26414

 唉買蔬菜教練課真的很傻
就算你的教練多厲害多專業
他有一天也是會被調走好嗎
而且他們才不在意你練怎樣
只在意妳可不可以續約！

 Submitted: September 13, 2019 8:12:53 AM CST","1571287304","undefined","undefined","undefined","undefined","undefined"
"https://www.facebook.com/cowbayfit/posts/2106481419659669:0","1569982399","#靠北健身界26294

 今天要來靠北的是豐原健身工廠
某會員自詡是有氧老師的女朋友
常無法無天的插隊或放了水壺就去上別的課
直到有一天被工作人員請出隊伍
竟還在版面上幹譙別人
不要為難工作人員好嗎
提早在那排隊的人錯了嗎

 投稿日期： 2019年9月3日 22:19 CST","1571287305","/cowbayfit/photos/a.1494422597532224/2106481419659669/?type=3&eid=ARCqfy_LiemvspmFEpP7xkDFe2mmaNwUEzdRH_9FmB6_eFyj4237-Xj-FUKCOoAxZnBvC_rlhweix7lj&__xts__%5B0%5D=68.ARBkmQugyMsac8aN_K4zLe5fh0NO0BYas-2f6zgz9upsBJmoPDecvP--CwGp-n1I_ocwfnepyUKcxNOrfjGOMdxjX1mVC76akjxZw0TJ2QyV4DaY9sXA3patNMC5B54yy8QFhFXJ9rq0-apelFFnLNKrvoQV1YasOT9LZ79diwcx6MK_FAuOusm9TQA--251nWebp5XCZHzLzJs_jtA56AxmVsygGm9PK2yYYRsk4MwUTgMbXYzj0LNFuvXF2rB0YnfTuP84vAzdFSvJBPxbUJ_l8QyJVrbC5P2CAdxgztNQt9YFs0qHfty0UgDkFGeGklfLZyXnLzBHwZXTkYX9adrCgSjF&__tn__=EEHH-R","https://scontent.fbkk6-2.fna.fbcdn.net/v/t1.0-0/p526x296/71694437_2106481422993002_533637617669898240_o.jpg?_nc_cat=111&_nc_oc=AQltNaaIx5PMYbfrRvRvDT2bhZ4AZgsl4m8x2F0eSastumbsktExsq1J8-LRIowZMco&_nc_ht=scontent.fbkk6-2.fna&oh=1fd768c54170a0ef96ea7e41f908e880&oe=5E6143DD","undefined","",""
"https://www.facebook.com/cowbayfit/posts/2106484352992709","1569982661","#靠北健身界26314

 健身工廠 楠梓廠 
拜託某個刺青 矮矮的帶著腰帶的 
你器材用完杠片可以放回去嗎？ 用完走掉也不知道是要用還是不要用 結果看到你跑去做別的器材 
媽的 搞得別人要做都不知道能不能用 可以有點水準嗎？ 不是花錢 就有人要幫你收好好的 幹

 投稿日期： 2019年9月8日 22:49 CST","1571287305","undefined","undefined","undefined","undefined","undefined"
"https://www.facebook.com/cowbayfit/posts/2110479225926555","1570456986","#靠北健身界26344

 麻煩健工三多店的某教練
請你不要只找固定某女生一直聊天及指導
旁邊很多有年紀的人你不會去指導他們嗎

 投稿日期： 2019年9月10日 13:54 CST","1571287305","undefined","undefined","undefined","undefined","undefined"
"https://www.facebook.com/cowbayfit/posts/2110481825926295","1570457162","#靠北健身界26372

 
我實在要靠北蔬菜大有店的運動部，因為我感到極度的不可思議，消基會申訴案件要公司針對申訴內容給予消費者回覆，結果先是貴公司約消費者到現場，當天卻沒有運動部任何主管出面處理，再來幾日連續神隱，多次進線到總公司客服電話和貴店店經理請求轉達，原來一點用處也沒有。然後今天進線到消基會，居然聽到承辦人員說蔬菜已經有針對內容回函？？？WTF？請問何時有跟消費者說明跟聯繫了？你們居然可以人間蒸發然後睜眼說瞎話？我真是覺的非常不可思議！消費者就糾紛案件想積極的處理，貴公司難道已經變成消費者做何反應也都冷處理的做法嗎？

 投稿日期： 2019年9月12日 17:03 CST","1571287305","undefined","undefined","undefined","undefined","undefined"
"https://www.facebook.com/cowbayfit/posts/2110481119259699","1570457107","#靠北健身界26360

 我要靠杯中壢運動中心的某個工讀生，
你值班櫃檯的時候可以不要一直放宅歌嗎??
有一次一個女生跟你說可不可以叫旁邊很明顯練錯(很明顯會練受傷姿勢)的人不要在這樣練的
你也是很龜縮的叫一聲而已，
我想問是怎麼了嗎?? 
平常那個在鏡子前面自以為很巨，露出超油的大腿的你
怎麼到叫一個練錯，會很明顯練受傷姿勢的人的時候就變回小肥宅了。
其他教練都很不錯~~

 投稿日期： 2019年9月11日 10:05 CST","1571287305","undefined","undefined","undefined","undefined","undefined"
"https://www.facebook.com/cowbayfit/posts/2112003272440817:0","1570631721","#靠北健身界26377

 抱歉沒看到參觀時間，也沒必要放限動吧
成吉很屌是嗎？中壢只有你喔？
我看中壢只有你臉粉裹的跟蚵仔酥一樣厚的業務！

 Submitted: September 3, 2019 6:42:36 PM CST","1571287305","/cowbayfit/photos/a.1494422597532224/2112003272440817/?type=3&eid=ARA521GqnbRVkgF4baAaRdkT4aY6I3ZjVjDzkXkpeQt1z4CwNeZfFUBkQVK-CZGsdtOEfZ-2yFXmgJ-v&__xts__%5B0%5D=68.ARCh4lSA1r1DHSRhCOTsH6IVHKxylW8ztqeI3G46gkdPnA6VqsLkAXg2LUv7zh_z9EUBrJg9Dv_MJJbRowshur_Om3Y27oMykNvSgUF8EyvyUUlekmKJkWjkvJ2TBlm2pMbQgy8aVosvI2vrLlzS57LjABXUcmVd5uT6gTwbOW9DwiIbl17QVgvQF_yKL79wYQnmSXGE2skk8nNRk_idxQcoA5j77KA97rzokFnuSi8D9Xuw-ZCQ2mtg_Nnw7X1GPgOX0oq0L0Z2u41JVaU9aKve8dQHx6kDw8mfjs903TxA0gsnR-yBCe8qI9WVnmDJ_iXj9yNTT-CJTnDLFBfDamEcojA6&__tn__=EEHH-R","https://scontent-ams4-1.xx.fbcdn.net/v/t1.0-0/p526x296/72759058_2112003282440816_1145995079568064512_o.jpg?_nc_cat=103&_nc_oc=AQktnE46emG4NtIbVGXmzd0WN1HIAvS17apU2APJj7nAtSemPpcFdEdoLgDBQvACD7M&_nc_ht=scontent-ams4-1.xx&oh=6ae29bf49da383970a3a739721edc9eb&oe=5E60057E","undefined","",""
"https://www.facebook.com/cowbayfit/posts/2106487882992356","1569983121","#靠北健身界26326

 靠北建功三重新來的教練
（特徵：油頭矮個只會練大重量的裝備一堆只做一下，一副跩樣）
你教一個機械腿推可以花40分鐘，只聊天真好賺
不是叫人不要佔用器材，請你們以身作則！

 投稿日期： 2019年9月9日 17:12 CST","1571287305","undefined","undefined","undefined","undefined","undefined"
"https://www.facebook.com/cowbayfit/posts/2112005285773949","[Error]: TypeError: Cannot read property 'attribs' of undefined","","1571287305","undefined","undefined","undefined","undefined","undefined"
"https://www.facebook.com/cowbayfit/posts/2112011689106642","1570632180","#靠北健身界26413

 靠北蔬菜民生
這半個月來一早開門為什麼都只有一個服務人員啊
看會員有問題想詢問，客服人員一直走來走去忙來忙去，人員不足請徵人好嗎！！又沒主管上班，又沒服務人員，早上我們去運動如果發生什麼事，貴公司要怎麼負責？晚上來運動櫃檯人員那麼多，還有聊天打鬧嬉戲的，人力分配差那麼多，有主管有一堆教練，早上什麼都沒有，所以早上的會員就不是會員，不用被關心和服務嗎？主管怎麼排班的

 Submitted: September 13, 2019 7:47:13 AM CST","1571287305","undefined","undefined","undefined","undefined","undefined"
"https://www.facebook.com/cowbayfit/posts/2106479959659815:0","1569982231","#靠北健身界26287

 靠北草衙廠

 幹一定要叫到這樣才能破就對了
每次練每次叫

 所以大家以後練僅管叫反正沒人管
叫好喊滿！

 一定能破紀錄！！！

 投稿日期： 2019年8月31日 13:33 CST","1571287305","/cowbayfit/photos/a.1494422597532224/2106479959659815/?type=3&eid=ARDBkqlyDQ7Ilv-kJsTNRi38vaHjPl9OBrZYRwkb2U--CqKFZ0Ppa9QIBpQKK3hwLIryyY0vxPPaebF4&__xts__%5B0%5D=68.ARBj4J6bBQeHimYOHsFSK9KY1Zs806Ltm6rS72ImjfKzcP7viMLb9bCv5W9EZhUA9O2bcr1iGV8dVfFoBCvGIOu_D1iWSOLKAuZ0YRIqFKEa6oQUmnF47wWaw0L_EjVNMhblA22dgGHVtpA3ljtnJGY5B6mD7SVF-3NRnwOxJcKrCQe0yHQQMAivfB7Q6QIPUO9EFLOm4vos2NrxRZoUWjCKhPVVbxKcy9SSGdm67I-kVTYPf731tWyypEOFcOizsxRu8eJvF8peLMuSVCmUCmY7hqjoQStwD6CzUCfCzzYUOPwsP_P-KZnCMSHKXnCRCmHNTaHSeEPE47Pms33J4jE2Dhl4&__tn__=EEHH-R","https://scontent-ort2-2.xx.fbcdn.net/v/t1.0-0/p526x296/71565124_2106479976326480_4967056942552842240_o.jpg?_nc_cat=110&_nc_oc=AQm6w97pSsmOjT03cdcSOKMc53tgmj78UGQBfV902Tn4IHRn1y7ymCif5Iod5rlmHwA&_nc_ht=scontent-ort2-2.xx&oh=19bf58f7f76f4c295a87ab283dd59d48&oe=5E6096F3","undefined","",""
"https://www.facebook.com/cowbayfit/posts/2112012539106557:0","1570632241","#靠北健身界26417

 Ptt版主真的很不專業
早就一堆研究顯示類固醇會增加中風風險了
你還那邊你的心臟科學生說？
聽說聽說？拿文獻證據出來比較快，不要在那邊聽說
我也可以說我聽台大醫院說用藥會增加中風風險
要騙自己也要有個限度
繼續相信職業健美選手會噎死、累死、餓死、練死好了

 Submitted: September 16, 2019 2:42:53 PM CST","1571287306","/cowbayfit/photos/a.1494422597532224/2112012539106557/?type=3&eid=ARA6gtKumPXo4BLIjrEJV-OXM7mIJspxVlM48B65LmrWW99eXYz1ziC8S0YVeSbWQGxepJsFDydt9J1t&__xts__%5B0%5D=68.ARAROy2O34CZQFjCdlINTj_2EHyhoGz9g7o4NkioAy7bZunCgO-LvGJJ8caCqNWOwyi7XHH7FeWv3u1nuyT6gc2LtU0Dj0q4cX5Aw8djzq8njvmYJq81k_QSR236RbbKQaWUS9nitT8DZUyLpFLor4PTyKWAY5JYDW_n85_anm8e0zR-Mg3LaVvzrFSF8ZFeIYinZxixPA20ij6eDfrkpeRpGQ4xRepztexuOBsLDN4Frlh5ZOxuhL8XbFQ3ertRI1PYjWLC6JJHFNSuc5ZYy8OzsxJdHqFvp12XHYZ10FAWuA0Bbwv0p8vGVedWJeu1IKORWFzpFxh2ljPtErmb4DDVlr2I&__tn__=EEHH-R","https://scontent.faep9-2.fna.fbcdn.net/v/t1.0-0/p526x296/72195775_2112012545773223_8871849553750392832_o.jpg?_nc_cat=105&_nc_oc=AQnaCFZdWqUU2F0_QGaMsALuhQA_9ITqABGrxA3uIH2DcVMenduZN6HQgq4Ze5ucQIw&_nc_ht=scontent.faep9-2.fna&oh=69cfe39530b7ed59307894aa5ad7cf26&oe=5E252407","undefined","",""
"https://www.facebook.com/cowbayfit/posts/2110481679259643","1570457152","#靠北健身界26370

 
我在台中文心極限中心，教練幫我量inbody。然後問我為什麼你健身兩年怎麼沒有進步?肌肉量怎麼沒有成長?你要不要跟我買課?我回不用我自己練就好了。教練又說你自己練還是沒進步，你根本不知道你在幹嘛。我回健身只是我的興趣，不是我的責任。教練又說我只是想要你更好。我回你想要我更好是我想要的嗎?你嘴巴說為我好，想要我更好，其實是想要賺我的錢。來滿足你的控制慾跟虛榮心。覺得賺到我的錢很爽，教出來的學生很給你面子。我是一個人，不是滿足別人控制慾跟虛榮心的工具。我健身是為了自己，不是為了別人。更不是為了滿足別人控制慾跟虛榮心，不用你們來指揮我。我都不願意花10000在女友身上，更何況是教練。然後教練就走掉了

 投稿日期： 2019年9月12日 16:46 CST","1571287306","undefined","undefined","undefined","undefined","undefined"
"https://www.facebook.com/cowbayfit/posts/2106477352993409","1569981924","#靠北健身界26271

 
WG真的是血汗工廠，有正常的時間打卡沒正常的時間下班也就算了，剛進新人可能帶家人來連家人也要逼入會是三小，今天不簽就要一直靠北，新人擁有資源不多一天到晚說怎麼都沒會員來，資源都被你們這些老鳥拿走了我們哪來的會員客人可以約，講很好聽多好賺，是很好賺啊！錢都被你們這些老鳥賺走資源也都拿走，打了一整天的電話打到都爛掉了也不讓人準時下班，請問我加班待在辦公室要幹嘛？

 投稿日期： 2019年9月7日 21:12 CST","1571287306","undefined","undefined","undefined","undefined","undefined"
"https://www.facebook.com/cowbayfit/posts/2106486262992518","1569982928","#靠北健身界26316

 我想靠x上市的某x廠
我知道越來越多人走工作室
或是小型健身房
很久以前剛開幕
別健身房顧問去參觀他們新廠罵聲不斷
結果現在工作室開啟
你們主管櫃檯、教練還派spy
假裝應徵探敵情
黑人問號？？？
還派新人去
以為神不知鬼不覺哦哦哦
絕非抹黑文 以上屬實

 投稿日期： 2019年9月9日 00:32 CST","1571287306","undefined","undefined","undefined","undefined","undefined"
"https://www.facebook.com/cowbayfit/posts/2106486689659142","1569982975","#靠北健身界26319

 Somebody fitness的鬍子哥跟新員工再這麼跩 真的會毀掉第一批員工打下的基礎

 投稿日期： 2019年9月9日 07:32 CST","1571287306","undefined","undefined","undefined","undefined","undefined"
"https://www.facebook.com/cowbayfit/posts/2106482492992895","1569982496","#靠北健身界26300

 不要再說什麼「沒帶鎖頭所以不鎖門」
都用門上密碼鎖，練轉成「關上」然後撥亂號碼「鎖上」用不了你幾秒吧。
18個櫃子連開5個都是有東西，沒有關上、只有虛掩，連開五個都有東西！氣得我幫你們全部撥亂鎖上啦！ㄇㄉ！
不鎖仔就算今天是門上密碼鎖了，連轉動到關上都懶，更不要說撥亂鎖上，只好靠我幫他們通通鎖上了！幹

 投稿日期： 2019年9月8日 01:42 CST","1571287306","undefined","undefined","undefined","undefined","undefined"
"https://www.facebook.com/cowbayfit/posts/2106486816325796","1569982994","#靠北健身界26321

 大家健身的目的是什麼呢?

 我是甲甲
健身的目的也很簡單
就是因為被瞧不起
搭訕了幾次
幾乎都是被冷淡拒絕
還曾直接被對方說你這麼肥怎麼有臉來搭訕

 大家健身的目的又是什麼呢?

 投稿日期： 2019年9月9日 10:58 CST","1571287306","undefined","undefined","undefined","undefined","undefined"
"https://www.facebook.com/cowbayfit/posts/2112004275774050","1570631768","#靠北健身界26378

 https://youtu.be/rfMmVd3nv5c
去亂的吧，丟臉

 Submitted: September 8, 2019 3:04:57 PM CST","1571287306","undefined","undefined","undefined","undefined","undefined"
"https://www.facebook.com/cowbayfit/posts/2112006155773862","1570631939","#靠北健身界26396

 蔬菜長春店每次練到想拉屎
就TMD的廁所客滿，你TMD屎是多麽的多？
拉個屎要半小時，等到屎都快噴在小便斗了。
為什麼男生廁所只有兩間啦？？？？

 Submitted: September 14, 2019 2:12:18 PM CST","1571287306","undefined","undefined","undefined","undefined","undefined"
"https://www.facebook.com/cowbayfit/posts/2112012655773212","1570632250","#靠北健身界26418

 大家好
小妹我最近看了一些健身youtubers影片
結果發現比較喜歡男性youtubers分享方式
一些女性健身youtubers不知道為什麼老看不下去
想請大家推薦不管是國內或國外的女性健身youtuber 謝謝大家

 順帶一提
皮塔葛隔為何每次做的餐看起來都hen難吃
是這樣才會變瘦嗎?
上次看他弄雞胸料理簡直是食慾降到0了

 Submitted: September 16, 2019 4:48:49 PM CST","1571287306","undefined","undefined","undefined","undefined","undefined"
"https://www.facebook.com/cowbayfit/posts/2112007102440434","1570632003","#靠北健身界26407

 宮場薪水又延後發到底是怎樣

 Submitted: September 15, 2019 5:52:24 PM CST","1571287306","undefined","undefined","undefined","undefined","undefined"
"https://www.facebook.com/cowbayfit/posts/2106483879659423","1569982600","#靠北健身界26313

 請問wnbf國際職業卡賽的規模，怎麼現場看起來不到30人，場內完全沒佈置呢？
然後某網紅之前不是在台灣沒拿到卡，為何wnbf會幫助他出去比賽呢？而在寥寥無幾的參賽者奪冠後，還要裝作很開心，這個比賽規模好像連國內府城盃的一半都不到呢

 投稿日期： 2019年9月8日 19:36 CST","1571287306","undefined","undefined","undefined","undefined","undefined"
"https://www.facebook.com/cowbayfit/posts/2106477742993370","1569981975","#靠北健身界26277

 
我是知名連鎖健身房會員，今天去松山區的高階分店運動，被店內人員乞討google店家評論的五顆星，我好奇之下問他們為什麼要用這個？你們樓上都有發傳單的怎麼不叫他們去用就好？還是說會加薪？他只笑笑的回我這樣才不會被罵啦，突然覺得他們很可憐，時薪低又要拉下臉來做這些事，而且他還是笑著回我的，突然一陣鼻酸，於是我拍拍這位仁兄的肩膀建議他換份工作吧，你的誠懇值得做有尊嚴的工作

 投稿日期： 2019年9月8日 00:02 CST","1571287307","undefined","undefined","undefined","undefined","undefined"
"https://www.facebook.com/cowbayfit/posts/2110478075926670","1570456892","#靠北健身界26333

 好喜歡看那些不帶鎖的人 開一堆放東西不鎖的櫃子 臉很臭的樣子～

 投稿日期： 2019年9月8日 19:51 CST","1571287307","undefined","undefined","undefined","undefined","undefined"
"https://www.facebook.com/cowbayfit/posts/2106462992994845","1569979990","#靠北健身界26257

 有的工作室/健身房 (ex:X動X工作室、新XX、網紅專用騙粉絲工作室、New XXX...等)
真的見不得被評論或批評，被講了負面的不是先檢討而是威脅要提告。既然要做生意就應該要接受合理的指教，不管好的或壞的，沒有問題的話，正常人也不會特意來版上靠北。有的業主看上的是員工的專業，講白了點也是為了商譽及賺錢；有的業主看上的是人格品行，不論員工是否為他賺了幾百萬。
如果自己旗下員工亂搞，私生活混亂影響到同事之間甚至會員及其他人的利益(ex:跟會員或同事劈腿外遇，出了公司搞一堆男女關係)，即便他多會賺錢也該警告甚至處分，留著這種員工大概是想賺錢吧！以上若有偏頗，歡迎各大大提告>.O

 投稿日期： 2019年9月6日 17:37 CST","1571287307","undefined","undefined","undefined","undefined","undefined"
"https://www.facebook.com/cowbayfit/posts/2110481205926357","1570457114","#靠北健身界26362

 我要靠北 世界中華，有人上有氧課還在有氧教室抽電子煙，是不知道室內禁煙嗎？還嘻嘻笑笑，真的有夠沒水準

 投稿日期： 2019年9月11日 13:43 CST","1571287307","undefined","undefined","undefined","undefined","undefined"
"https://www.facebook.com/cowbayfit/posts/2112013255773152","1570632296","#靠北健身界26425

 初次來到新時代健工 差點沒暈倒
全場大概七成器械與外掛把手都發出濃厚的油味
到底有沒有在清潔啊？

 Submitted: September 16, 2019 10:58:48 PM CST","1571287307","undefined","undefined","undefined","undefined","undefined"
"https://www.facebook.com/cowbayfit/posts/2106482579659553","1569982504","#靠北健身界26302

 Lisa到底哪來的勇氣每天po自己的豬腳啊？

 投稿日期： 2019年9月8日 02:06 CST","1571287307","undefined","undefined","undefined","undefined","undefined"
"https://www.facebook.com/cowbayfit/posts/2110482759259535","1570457234","#靠北健身界26376

 偶像們自然地爆筋加剉絲，其他選手是否該檢討自己？

 投稿日期： 2019年9月13日 11:19 CST","1571287307","undefined","undefined","undefined","undefined","undefined"
"https://www.facebook.com/cowbayfit/posts/2112005139107297","[Error]: TypeError: Cannot read property 'attribs' of undefined","","1571287307","undefined","undefined","undefined","undefined","undefined"
"https://www.facebook.com/cowbayfit/posts/2110481879259623","1570457167","#靠北健身界26373

 我要靠北健xx廠三重廠
三樓的重訓區飲水機
人潮較少的時段(人多時比較沒有)
不看還好，一看旁邊全是小蟑螂在爬 起碼七八隻
連鏡子上都有
是有沒有這麼髒........?

 投稿日期： 2019年9月12日 17:40 CST","1571287307","undefined","undefined","undefined","undefined","undefined"
"https://www.facebook.com/cowbayfit/posts/2106459666328511","1569979538","#靠北健身界26253

 看到有人發表有歧視胖子的言論，我有點生氣氣，
想說體脂三成多,體重一百二的我也是可以做龍旗，
腹肌看不到，但隱藏的腹肌還是腹肌呀！
為什麼胖子沒資格參予討論腹肌訓練呢。

 結果點進去對方的名字，我默默流淚，
原來要做倒吊式卷腹才有人權....

 投稿日期： 2019年9月6日 02:40 CST","1571287307","undefined","undefined","undefined","undefined","undefined"
"https://www.facebook.com/cowbayfit/posts/2112013552439789","[Error]: TypeError: Cannot read property 'attribs' of undefined","","1571287307","undefined","undefined","undefined","undefined","undefined"
"https://www.facebook.com/cowbayfit/posts/2106463099661501","1569980006","#靠北健身界26261

 高雄健身工廠博愛店晚上的一位大叔
可以請你不要每次都跑到夾腿機前的鏡子邊照邊擠肉嗎？到底多愛照鏡子 
尤其是那個背心還常常露點真的超噁
誰會想要在運動的時候前方一個不認識的人在前面露點
非常不舒服 請替別人著想
連朋友都說常常看你一個晚上要去照好幾次鏡子

 希望自信鏡子哥可以換件衣服 別在一直露點了
還有肚子縮一些真的很大

 投稿日期： 2019年9月6日 22:03 CST","1571287308","undefined","undefined","undefined","undefined","undefined"
"https://www.facebook.com/cowbayfit/posts/2112006665773811","[Error]: TypeError: Cannot read property 'attribs' of undefined","","1571287308","undefined","undefined","undefined","undefined","undefined"
"https://www.facebook.com/cowbayfit/posts/2112006205773857","1570631943","#靠北健身界26397

 世界健身房的團體課程因為中球連假縮課 OK
但是高雄各館中
只有大統和平館的飛輪課縮得過火
三天中有兩天完全未排飛輪課
相較其他分館每日仍有兩節飛輪課
非常不OK
隱憂是以後各館縮課是否將比照大統和平館辦理

 此風不可長
別館能排出飛輪課表
為何只有大統和平館排不出來？？？

 Submitted: September 14, 2019 3:49:14 PM CST","1571287308","undefined","undefined","undefined","undefined","undefined"
"https://www.facebook.com/cowbayfit/posts/2110481392593005","1570457129","#靠北健身界26366

 靠北萵苣大有店
一個教練課程退費是要處理多久？
從7月開始一路拖到現在
全體主管神隱龜縮
消基會公文上都表明要你店家9/4前給我個說明
請問你整家店主管是在跟我玩什麼躲貓貓？
多次進線總公司客服專線反應，完全沒有任何作用，根本形同虛設。約我們到現場說會有教練部主管來談，結果最後也沒人來處理。
你們應該都是成年人吧？遇到事情請面對、請處理，不要躲起來逃避好嗎？甚至副理還不讀不回訊息！
如果你們整家店沒任何成年的主管能夠處理的話，還是要不要乾脆請你們副總來講？

 投稿日期： 2019年9月12日 02:22 CST","1571287308","undefined","undefined","undefined","undefined","undefined"
"https://www.facebook.com/cowbayfit/posts/2106483856326092","1569982596","#靠北健身界26312

 全民真是一間很雷的店
我是第一次去 
走下樓梯到櫃台,櫃台沒有半個人
仔細往裡面看,發現店員在跟客人聊天
過了兩三分鐘,才發現我.....
然後邊跳舞邊唱歌過來
很大聲問我說你好！有帶毛巾嘛!!!
我的毛巾就掛在脖子上.....
之後,開始運動後
一直聽到櫃台店員嘻戲打鬧(一個娘娘的男店員)
然後有客人要離開(男生)
娘娘的男店員戳他奶頭
那位客人看起來跟他沒有很熟(臉上沒有笑快步就走掉)
這位店員希望你能檢討一下自己的工作態度

 投稿日期： 2019年9月8日 18:42 CST","1571287308","undefined","undefined","undefined","undefined","undefined"
"https://www.facebook.com/cowbayfit/posts/2106478246326653:0","[Error]: TypeError: Cannot read property 'attribs' of undefined","","1571287308","undefined","undefined","undefined","undefined","undefined"
"https://www.facebook.com/cowbayfit/posts/2106459606328517","[Error]: TypeError: Cannot read property 'attribs' of undefined","","1571287308","undefined","undefined","undefined","undefined","undefined"
"https://www.facebook.com/cowbayfit/posts/2112006692440475","1570631972","#靠北健身界26402

 
我要靠北健身房一些傻女人。教練課上完孤單了齁！現在跑來到處跟別人聊天，笑死！這些女人真的很傻，教練講講妳們就買課了，沒錢買課了教練誰理妳？！好的可能還有機會爽到，馬的花好幾萬才爽一次。去找按摩一樣有教練這種健美貨色，爽一次才2000，40000可以爽好多次呢
妳們就很傻

 Submitted: September 14, 2019 10:11:20 PM CST","1571287308","undefined","undefined","undefined","undefined","undefined"
"https://www.facebook.com/cowbayfit/posts/2112007035773774","1570631999","#靠北健身界26406

 幹林德誰家的阿伯啊！?
一進蒸氣室就拿水柱瘋狂的噴溫控的sensor 
也不管其他人介不介意
溫控Sensor被你沖到超低溫後
蒸氣室就開始瘋狂補蒸氣
心想說好…你大爺喜歡比較哈扣的溫度
我就陪你蒸，看你多能撐
結果Excuse me蒸氣都還沒停下來
你大爺就受不了的奪門而出了?
前後搞不好都每一分鐘欸
本來溫度都很平均舒適的，你他媽的一搞
就留下一個異常高溫讓人不適的溫度
到底在沖三小啊？
沒那個屁股就別吃那個瀉藥好嗎？

 Submitted: September 15, 2019 5:16:16 PM CST","1571287308","undefined","undefined","undefined","undefined","undefined"
"https://www.facebook.com/cowbayfit/posts/2110479875926490","1570457023","#靠北健身界26349

 請問一下館粉，你們三公分出的衣服醜到一個爆炸
你們是在買信仰的嗎？還是錢太多？

 投稿日期： 2019年9月10日 17:05 CST","1571287308","undefined","undefined","undefined","undefined","undefined"
"https://www.facebook.com/cowbayfit/posts/2106480136326464","1569982239","#靠北健身界26288

 #靠北健身界27455 
健功學板橋廠 H教練 有沒有錢續課程 關你屁事呀
你專業在健身 職業是教練 
雕塑 一直鍛鍊就是你工作的基本 不然別人怎麼信你 別人為何一定要完全聽你的 不聽就去跟別人靠北 他怎麼沒錢買課程 為何租屋處會有規定不能開伙
這男的可以考慮換一個 別人的人生活的後不後悔 關你屁事
你家是住海邊喔？現在教練還兼心理大師 兩性專家？高級財務專員？你小學老師叫你好好讀書
叫你考好志願你是有聽是不是？當教練就自以為高人一等？旁邊自己練的也要被你酸？不花錢買你課程礙到你了嗎？
我們尊重你的專業 你他媽懂不懂得尊重人呀 
你這麼厲害幹嘛委屈龜在這裡等升等
尊重是互相的 你上課佔用時間跟別的客人簽約 早離開 還有去櫃檯結帳 上課時間連50都不一定有了
不跟你計較 你現在講那些是想怎麼樣？
有錢亂花沒錢花在你這種不尊重人的教練上啦
要不是健工一個上櫃上市公司 連客訴專線都沒有 我一定先客訴到總公司 現在還跟你一個個櫃檯轉接勒

 投稿日期： 2019年9月1日 19:13 CST","1571287309","undefined","undefined","undefined","undefined","undefined"
"https://www.facebook.com/cowbayfit/posts/2106482102992934","1569982452","#靠北健身界26297

 現在居然還有白癡會相信這種東西～飆汗是跟減脂有個屁關係膩？？？
講他還會玻璃心刪留言哩～

 投稿日期： 2019年9月6日 07:08 CST","1571287309","/cowbayfit/photos/pcb.2106482102992934/2106482059659605/?type=3&__tn__=HH-R&eid=ARBFw87aKXGl8HaN5chxIqF8BaxIjsTM3V9kG8fAUL9KhzdpXOBNsCAD1UsuotcfW-aV-oVj9plIcnIc&__xts__%5B0%5D=68.ARBGdrYC9dFFglLh0XUBRbi-pxhTsyYyX2_NquxroXnoVWSc9dv0iRveeQJApZBv-CHLzr6LtndCdYBw4cYxlW_2GNoCUujZ6BEI9vWIZGtP9msgAyi858HxpmF4dRnntudhVPGZCkWmguLcNNYxsUpPYlKev5Po7ohJvkaeVL2o-ZO6HDyST8JFyqYTMbA4tmcMTitos_giVrvOgMV9wA_e4OiRCJC8iNyri5WlnSxIxgHkggkFLDyJjH-Wcpewr_B1X5dme70MCtw85CMFxuJ-ivo_7el39FfwxaOx3cuGmbW0LbCDTZ_D8es-_XM8A0oyZJJXEnUGSpp9io22V2dKSyJo","https://scontent-vie1-1.xx.fbcdn.net/v/t1.0-0/p296x100/71496455_2106482069659604_5074652796804923392_n.jpg?_nc_cat=102&_nc_oc=AQlNQpceqRKiFJLwpCBtFMqX_jerpZXWOXEzK8_f3Dvdg9v4Xo_rECzRFbypJsQA6_k&_nc_ht=scontent-vie1-1.xx&oh=99d7075cce803fef7adf7b2b0194d5b3&oe=5E5F8296","undefined","",""
"https://www.facebook.com/cowbayfit/posts/2110478849259926","1570456961","#靠北健身界26341

 可以請中壢成吉的員工不要在門口騎樓抽煙嗎

 投稿日期： 2019年9月10日 12:47 CST","1571287309","undefined","undefined","undefined","undefined","undefined"
"https://www.facebook.com/cowbayfit/posts/2106477919660019","[Error]: TypeError: Cannot read property 'attribs' of undefined","","1571287309","undefined","undefined","undefined","undefined","undefined"
"https://www.facebook.com/cowbayfit/posts/2110477585926719:0","1570456841","#靠北健身界26329

 2019/09/03 下午5點在朝馬運動中心在做臥推的跩哥
坐著滑手機浪費時間，蒸棒

 練指力還練胸啊？

 投稿日期： 2019年9月3日 16:59 CST","1571287309","/cowbayfit/photos/a.1494422597532224/2110477585926719/?type=3&eid=ARCcfL7ZDS_0J4iCTYJT-v_wcMbngz3nmpTmfxy9Ap-4rM2wDj-fdVYP_-UdDw3ff7U39mMGOEOtfKHT&__xts__%5B0%5D=68.ARDlJMI4XV0zyoGSG30AU_wDQiaVZzRTp5HbRE834ErIsBDYB7u7wkGkIfYfpxVWhe6PXDNzC06Xvv8OAbWWtJUGV-V6_z7frtQQw9r_r8vCsCGqF4GHGLEwdyN71JMC2oQqnK18Ot20knzMGdypBBHJobCEPdHbhnUX88r9s8UboaloSILtxQzarnGgs3f2wVNR43T8dd0AvhDLbvMCCqVhwoXfGEjKU-xJ1YVbixf7REEKESTSgaATS2dKJ3j8MNkZoMvJOGTRYGYRH0WPKTNo2I-qfZC4U_Z3MRxW5ZOmGMfV1trvAzjHHVIGlUDoQmA_QPXiPO1e2SB8dLMbWgV7d7FT&__tn__=EHH-R","https://scontent-sjc3-1.xx.fbcdn.net/v/t1.0-0/p526x296/71736136_2110477595926718_4386574511722463232_n.jpg?_nc_cat=110&_nc_oc=AQmVl1zP_j0jiAEJCU672jkrSmX4QIeuI5GOS-JDtpNpn4ESAE9bFLkWgXllgy6b58s&_nc_ht=scontent-sjc3-1.xx&oh=802a83027db63aa5c787a2e214c13dd5&oe=5E226436","undefined","",""
"https://www.facebook.com/cowbayfit/posts/2112005745773903","1570631899","#靠北健身界26389

 
WorldGym這個品牌的體系，當別人都是智能有障礙嗎？是不是年資做久了，隨隨便便的人就可以當主管？不管以前這個人付出多少的努力，現在卻是這種鳥樣看了就噁心！還是年紀輕輕當了主管，就變得覺得自己很屌？是不是有大頭症啦！還是真的很會做表面工夫？連基本自己該做的都沒做到，他媽的知不知道什麼叫做以身作則啊？份內該做得事情搞成這樣還要別人尊重你？也請照照鏡子你值不值得人家尊重你啊！身為主管是多了不起的一件事情嗎？啊連以身作則都做不到是怎樣？底下員工欠你的啊？幫你是給你尊重欸！因為你是主管，還是你是主管就可以一直亂開玩笑嗎？最不能理解的就是推卸責任去怪別人推給別的部門！把員工的功勞歸給自己還覺得自己很了不起！要知道沒有這些人幫你，你連個屁都不是！然後他們應該得到卻沒有拿到他媽那還叫員工福利啊！還在員工背後去說三道四表面上很好私底下捅刀！這種類型的主管怎不去死一死啊！剛剛說錯了，應該是，祝這種主管每一天吃飯噎到，喝水嗆到，天天遲到，生病永遠不會好，最好是每一天都痛苦的活著，為自己的所作所為懺悔！！認真請求換一個！！！

 Submitted: September 14, 2019 12:29:24 AM CST","1571287309","undefined","undefined","undefined","undefined","undefined"
"https://www.facebook.com/cowbayfit/posts/2112013619106449","1570632326","#靠北健身界26431

 
新竹公道五件工每次都穿白色球衣後面寫「成大化工」的會員⋯還沒運動狐臭就臭到整個休息室都你的味道⋯⋯你不知道找不到空櫃子跟你在裡面很煎熬嗎？能不能請你先抹點芳香劑在亦下在來運動⋯⋯

 Submitted: September 17, 2019 2:58:51 AM CST","1571287309","undefined","undefined","undefined","undefined","undefined"
"https://www.facebook.com/cowbayfit/posts/2112006832440461","1570631983","#靠北健身界26404

 我要靠北全世界的健美規則，為什麼健美比賽男生要穿丁字褲呢，GG不才是雄性動物最重要的特徵嗎?
應該也要把GG的角度、形狀、大小，甚至硬度列入評分阿，況且有沒有打藥，看GG也可略知ㄧ二不是嗎，我希望大家可以連署給IFBB，強力支持男性健美比賽必須要全裸，而且也可以把毛染色，像孔雀那樣，我覺得那又是另ㄧ種美的表現，為何沒人想到呢?

 Submitted: September 15, 2019 1:39:54 PM CST","1571287309","undefined","undefined","undefined","undefined","undefined"
"https://www.facebook.com/cowbayfit/posts/2110479912593153","1570457026","#靠北健身界26350

 叫員工花自己的錢買心率帶到底合不合理？主管可以回答一下嗎？要宣傳應該是拿樣品給教練吧！？

 投稿日期： 2019年9月10日 18:51 CST","1571287309","undefined","undefined","undefined","undefined","undefined"
"https://www.facebook.com/cowbayfit/posts/2112012985773179","1570632279","#靠北健身界26422

 奇怪了 蔬菜員工護航辱罵的都刪
為什麼灌腸粉辱罵挑釁，甚至有死亡威脅的都沒刪
小編也是灌腸粉嗎?跟灌腸一樣都雙重標準，別人不行我都可以?

 Submitted: September 16, 2019 7:08:36 PM CST","1571287309","undefined","undefined","undefined","undefined","undefined"
"https://www.facebook.com/cowbayfit/posts/2112013739106437","1570632343","#靠北健身界26433

 我想靠北一中蔬菜⋯
冷氣可以不要開那麼強嗎？停屍間嗎？每次進來都冷得要死，很多人去反應也沒有改善！

 Submitted: September 17, 2019 10:16:19 AM CST","1571287309","undefined","undefined","undefined","undefined","undefined"
"https://www.facebook.com/cowbayfit/posts/2110481312593013","1570457122","#靠北健身界26364

 靠北天母全真瑜伽

 一間健身房滾筒只有教練能用不能外借？

 好啦我能體諒教練也不能作主什麼也就不刁難了

 不過反應一下啦 有在健身的人都需要適時放鬆的

 運動中心都有啊這麼大連鎖沒有？

 槓子不夠利跟槓片沒有一般標準槓什麼就不說了

 畢竟是自己從新手慢慢練才發現不太符合需求的

 合約沒到只能先忍著

 公司是有沒有這麼吝嗇 買幾個滾筒沒多少錢的東西給客人很難喔？

 心裡一橫合約到馬上走 馬的😒

 比較適合婆媽來的地方😒

 投稿日期： 2019年9月11日 21:15 CST","1571287310","undefined","undefined","undefined","undefined","undefined"
"https://www.facebook.com/cowbayfit/posts/2110481249259686","1570457117","#靠北健身界26363

 健身界一個很北七的不明文規定
就是不能問別人有沒有用藥
然後回覆開始鬼打牆
什麼用藥你也不會有人家強啦
幹這有回答問題嗎？我幹嘛跟人家比強，單純問有沒有不行？
就像是聽到朋友英文說的很好，你問他「發音這麼好，是不是有出國讀書？」
結果他回你
「你出國也不會比我講的好啦！」一樣

 黑人問號說到底就是不敢正面回答啊
明明比賽打藥正常到不行的事，你在那邊替當事人閃閃躲躲的更顯得你自卑或是不敢見人

 看看有些用藥的選手，直接告訴你他用了非自然的方法，一般人不要拿他當目標或直接複製他的菜單
有些直接在youtube上公開自己用藥然後分享心得
還有老前輩直接開直播告訴大家健美比賽的背後真相（阿也沒什麼秘密啦，圈內都懂，要拿好名次不就是後台硬+藥用好）

 不用跟我說什麼「你以為用藥就直接變巨巨嗎？」什麼背後有多努力的狗屁啦
廢話當然努力，有人說他們不努力嗎，問題是他媽跟他一樣努力的人也不在少數，同樣努力的情況下就是比誰變超級賽亞人啊，超1還想跟超3打，洗洗睡吧想贏就打下去。

 從來不覺得打藥是什麼可恥的事，那是一種選擇，一種頂尖追求的態度
問題是這個問也不能問的風氣是哪裡來的有夠噁心
也許對我們來說是不言則明的事，對很多新手來說卻是霧裡看花。

 各位老屁股真的不用對新手這麼尖銳啦
簡單兩個字「有用」不會讓你聽起來像王八蛋

 看看留言區還有人說比賽都有藥檢所以專業的不會用藥
就知道你們把一般人誤導的多深了 笑

 如果真的覺得用藥沒什麼，就不要畏畏縮縮，像個男人一樣好嗎zz

 投稿日期： 2019年9月11日 13:47 CST","1571287310","undefined","undefined","undefined","undefined","undefined"
"https://www.facebook.com/cowbayfit/posts/2110481349259676","1570457126","#靠北健身界26365

 我想請問各位前輩
最便宜的高蛋白餅乾是哪個呢？
(不論好吃難吃)
常常在上班感覺需要補充了，但卻沒時間去泡乳清
只有餅乾能快速方便解決，但市面上的都有點貴
請各位前輩介紹你們看過蛋白質與價格比 最高的餅乾介紹給小弟
感謝

 投稿日期： 2019年9月11日 21:26 CST","1571287310","undefined","undefined","undefined","undefined","undefined"
"https://www.facebook.com/cowbayfit/posts/2112005829107228","1570631908","#靠北健身界26391

 好好愛自己和愛家人吧
有家族病史就不該一直「科學」練法
那些成就是一時的，活下去才最重要

 這次中風剛好有人可以救你
繼續下去可能還沒拿卡就已經掰掰了

 媽媽真辛苦呀！

 Submitted: September 14, 2019 12:32:23 AM CST","1571287310","undefined","undefined","undefined","undefined","undefined"
"https://www.facebook.com/cowbayfit/posts/2106481006326377","1569982329","#靠北健身界26293

 台中主打女性健身房的輕xx的主管跳去奧美x罵人了嗎？
之前上課都可以聽到他的怒吼聲現在轉移佔地了哦？

 投稿日期： 2019年9月3日 15:53 CST","1571287310","undefined","undefined","undefined","undefined","undefined"
"https://www.facebook.com/cowbayfit/posts/2106462849661526","1569979976","#靠北健身界26254

 信義健工
一個把東西放在啞鈴區椅子上沒在使用椅子的
問椅子有在用嗎
在那邊無限跳針 蛤蛤蛤
不想給用就直接講在那邊裝傻 白痴4不4

 投稿日期： 2019年9月6日 17:54 CST","1571287310","undefined","undefined","undefined","undefined","undefined"
"https://www.facebook.com/cowbayfit/posts/2106459562995188","1569979529","#靠北健身界26251

 看到新開菜店的課表，沒有某位資深有氧老師的名字，這樣就放心了，不然又要淪為如新直銷健身會館

 投稿日期： 2019年9月6日 01:03 CST","1571287310","undefined","undefined","undefined","undefined","undefined"
"https://www.facebook.com/cowbayfit/posts/2106488329658978","1569983179","#靠北健身界26328

 嘿今天晚上來新店場參觀的長裙女孩
靠北我好想跟你一起運動喔

 投稿日期： 2019年9月9日 22:23 CST","1571287310","undefined","undefined","undefined","undefined","undefined"
"https://www.facebook.com/cowbayfit/posts/2106483352992809","1569982568","#靠北健身界26309

 我覺得練健體的都是外牆中乾
中看不中用！沒什麼力氣！
同意的請點讚

 投稿日期： 2019年9月8日 15:52 CST","1571287310","undefined","undefined","undefined","undefined","undefined"
"https://www.facebook.com/cowbayfit/posts/2112005689107242","1570631893","#靠北健身界26388

 驚肉夫婦實在是太驚人了

 一下女的停經荷爾蒙失調
一下男的中風腦栓塞
是有沒有要那麼灑狗血
比個健體差點把性命給尻沒了
那個科學化講座內容還能去聽嗎

 Submitted: September 13, 2019 11:58:20 PM CST","1571287311","undefined","undefined","undefined","undefined","undefined"
"https://www.facebook.com/cowbayfit/posts/2110478449259966","1570456930","#靠北健身界26336

 我要靠背某位自稱豐原健工蔡依林的大媽
你那麼想當糾察隊的話可不可以先以身作則，身為旁人我都快看不下去了
1.上團體課沒有人有權利佔固定的位置，你自己排隊比人家晚來就自己旁邊找位置去跳，不要在人家旁邊”ㄎㄟˋ休”好嗎？
硬要站在人家旁邊，你跟老師多好我不管但是你沒有權利這麼做。
2.人家排隊排到一半去廁所你也要嘴? 莫名其妙你也離開過啊，只是其他人心胸不像你那麼狹窄不跟你計較，大家都很早來排隊，不用這樣小心眼。
3.插隊是很不好的行為這不用多說，但是要檢舉那些插隊的人是不是你自己也要做到，你曾經排隊的時候看到認識的你就默默拉進來排隊，不要說你沒有，我相信大家都在看，只是不跟你計較。

 我想說的是，健身房很小，很多事情不要以為你做的人家就不知道，其實大家都知道是誰只是不明說，你在那邊跟大媽團靠背別人的時候，是不是可以想想自己。

 投稿日期： 2019年9月10日 00:18 CST","1571287311","undefined","undefined","undefined","undefined","undefined"
"https://www.facebook.com/cowbayfit/posts/2106487772992367","1569983106","#靠北健身界26325

 #新店建x工廠的健身器材

 怎麼越來越臭？

 是多久沒有擦拭消毒了？抹布多久沒洗了？

 清潔用的酒精也稀釋到跟自來水一樣？

 新店x工請用心一點好嗎！

 投稿日期： 2019年9月9日 15:43 CST","1571287311","undefined","undefined","undefined","undefined","undefined"
"https://www.facebook.com/cowbayfit/posts/2112006589107152:0","1570631965","#靠北健身界26400

 老前輩都已經講這麼明白了

 為什麼裝睡的人永遠叫不醒
還有一堆人相信

 台中自然偶像？不用藥拿IFBB PRO卡？
台灣人真不老實

 Submitted: September 14, 2019 10:07:41 PM CST","1571287311","/cowbayfit/photos/a.1494422597532224/2112006589107152/?type=3&eid=ARCNNA6kYoV3xUTR1iLXQ6qNUo1xTAaWeQzr4AFyt_t3XAJQIDnS3kqrcJVoKOpZoqfova-5NXvdpdRw&__xts__%5B0%5D=68.ARCLQuf1REA0O1G9XULct5DVKtg18cv7pWyqnLTJRuXSgZxSrrlQ7_kA16AtJLYUYu1qIULkUvcIOpw5PKnCFobVGZkjMZ1XZnE3zmtnQgrYWseh_uNZ52NpWuJAmEQXqH-_MD7mlTDLj36rMO9574cMHhjSBW1Wq2NYnDlWuYXQAe71nePksresdyNb8keZbkc6i9sRJD5YzXbduUagjk2xHYag3-h-cQNgYf9cJf9_26G3eMLoLQZmT-CxTsSUgokWn6oCqblDJ0JM29c2otQT6fFdU94294hSaOZpPMDGeXG7yPW1arkxkCsgiDaqTRQDY1lTzxE7KK6p0a7ayJIOr-zc&__tn__=EHH-R","https://scontent-cdt1-1.xx.fbcdn.net/v/t1.0-0/p526x296/71805401_2112006595773818_6033965065563013120_n.jpg?_nc_cat=109&_nc_oc=AQkZhXpjcdHzkjIROyd95Jme-8oT_90t7FCIt0QZuHGUe9iBnMOf6zsztIF7-eGJHUY&_nc_ht=scontent-cdt1-1.xx&oh=b5172b3a4e20e483d7bb4c00e554e766&oe=5E29A370","undefined","",""
"https://www.facebook.com/cowbayfit/posts/2112006349107176","1570631950","#靠北健身界26399

 萵苣楠梓男生廁所是要修多久喇幹
那麼多人廁所只有兩間又修三四天
塞都快噴粗乃惹喇雞掰

 Submitted: September 14, 2019 7:55:19 PM CST","1571287311","undefined","undefined","undefined","undefined","undefined"
"https://www.facebook.com/cowbayfit/posts/2112005512440593","1570631883","#靠北健身界26386

 #靠北健身界25952
請問屏東健工有推薦的教練嗎？希望是女教練，最近給個新來的Karen做檢測，不知道她教得好不好?或是在外面的私人教練上課似乎比較便宜...不知道有沒有推薦的?
屏東的健身工廠是不是沒有巡場教練，都不知道要請教誰😔
之前有給裡面的教練上過課，但是好幾堂都是1對4...說好要1對1結果上課當天還是帶個學生來一起上，上完12堂課程連臥推硬舉都沒教，簡直浪費錢，好希望能給好教練好好指導阿
😭

 Submitted: September 13, 2019 9:00:32 PM CST","1571287311","undefined","undefined","undefined","undefined","undefined"
"https://www.facebook.com/cowbayfit/posts/2106481579659653","1569982409","#靠北健身界26296

 有人是PT轉私教的嗎？
有經驗可以分享一下ㄇ

 投稿日期： 2019年9月4日 01:54 CST","1571287311","undefined","undefined","undefined","undefined","undefined"
"https://www.facebook.com/cowbayfit/posts/2106463049661506","1569980000","#靠北健身界26260

 萵苣花蓮店 教練態度真的很OOXX
那天在2樓撿到客人的遺失物
拿到2樓教練櫃台說這是客人掉的
該教練居然回我 ""你要自己拿到1樓服務台喔 我們不收""
叫客人跑到1樓 然後在那邊划手機納涼
跟買課無關的事情就跟你們無關了是不是?

 投稿日期： 2019年9月6日 13:32 CST","1571287311","undefined","undefined","undefined","undefined","undefined"
"https://www.facebook.com/cowbayfit/posts/2110478012593343","1570456887","#靠北健身界26332

 Sunny有夠假的，整天在ig
po有的沒的，露這邊露那邊留言一下就玻璃心狂發限時公審，有臉講別人來自己經營的ig罵人，怎麼不想想自己為什麼被罵不會檢討，而我為什麼在這邊留，因為我什麼都沒做沒留言不過就是看了這集去她的ig也沒留言只是看限時然後今天發現被封鎖了，之前還在遊艇上脫褲子玩丁字褲趴勒

 投稿日期： 2019年9月8日 15:03 CST","1571287311","undefined","undefined","undefined","undefined","undefined"
"https://www.facebook.com/cowbayfit/posts/2106480456326432","1569982258","#靠北健身界26289

 我要靠北蔬菜新莊店V教練

 超扯，竟然要賣我跆拳道課
健身房完全沒有任何防護措施
整個拿消費者的安全開玩笑？！
還是不是你的命只要能賺錢賣課，就什麼都敢做？
跟你說...跟你買課我已經超級後悔了
上課品質有夠爛，開的課表超級沒內容
更何況顏值，根本傷透我的眼睛！
竟然
他M的還敢推銷我跆拳道課，這種人也配當其他教練的上層，超級不要臉！

 投稿日期： 2019年9月2日 00:14 CST","1571287311","undefined","undefined","undefined","undefined","undefined"
"https://www.facebook.com/cowbayfit/posts/2110479272593217","1570456989","#靠北健身界26345

 想問問版上的巨巨和女神~~
如果你們發現自己被偷拍上傳到爆肉公社及正妹公社
你們會生氣嗎?

 投稿日期： 2019年9月10日 14:16 CST","1571287311","undefined","undefined","undefined","undefined","undefined"
"https://www.facebook.com/cowbayfit/posts/2110479349259876","1570456994","#靠北健身界26346

 痾....批打哥哥不是說生酮還是斷食可以改善皮膚品質嗎

 怎麼他最近拍的衣服廣告皮膚都快爛了==

 投稿日期： 2019年9月10日 14:37 CST","1571287311","undefined","undefined","undefined","undefined","undefined"
"https://www.facebook.com/cowbayfit/posts/2112005369107274","1570631867","#靠北健身界26383

 建工博愛廠櫃檯某黛西姐 我只是想請您幫我消磁一下臉臭的跟大便一樣 上個月一樣要去博愛廠運動過卡還有一個某孕母，是產前憂鬱？公司培訓這樣教你們嗎？

 Submitted: September 13, 2019 7:55:52 PM CST","1571287311","undefined","undefined","undefined","undefined","undefined"
"https://www.facebook.com/cowbayfit/posts/2106477592993385","1569981955","#靠北健身界26275

 台中某真教練常常買的課上不到一半又要人簽新合約，更扯的是還會要學生線上授權或先過卡。這種推銷比上課積極的教練不是應該去業務部？

 投稿日期： 2019年9月7日 23:48 CST","1571287312","undefined","undefined","undefined","undefined","undefined"
"https://www.facebook.com/cowbayfit/posts/2112007182440426","1570632009","#靠北健身界26408

 全真環亞店的一個猛男教練真的靠北，除了猛還聲音靠北好聽，好聽到我都會懷孕，馬的屁屁靠北的翹，想插爆他！

 Submitted: September 15, 2019 6:42:47 PM CST","1571287312","undefined","undefined","undefined","undefined","undefined"
"https://www.facebook.com/cowbayfit/posts/2106482642992880","1569982515","#靠北健身界26304

 跪求台中建工中科廠好教練啊啊啊啊
現在體驗的教練都靠一張嘴 問他飲食敷衍 深蹲已經膝蓋不適他還是說這姿勢正確
好教練好難遇到

 投稿日期： 2019年9月8日 02:21 CST","1571287312","undefined","undefined","undefined","undefined","undefined"
"https://www.facebook.com/cowbayfit/posts/2106479376326540","1569982164","#靠北健身界26284

 新北地區某間蔬菜R教練跟學生搞上 把學生搞大了
事後態度囂張且不負責任 
該公司都沒有明文規定教練跟學生不能有關係嗎
這位教練你可以當只靠嘴的教練 
但該有的基本都不懂是嗎
還是現在的健身教練都只用下半身思考🤔

 投稿日期： 2019年8月30日 01:33 CST","1571287312","undefined","undefined","undefined","undefined","undefined"
"https://www.facebook.com/cowbayfit/posts/2110478149259996","1570456898","#靠北健身界26334

 
梨大最近是否身體有點欠安？膚質看起來不太好，而且聲音也變得很粗啞，該不會是生病了吧！重訓固然要做，但是身體健康更是重要，一堆人追尋著您的腳步，不要讓妳的粉絲替你擔心啊

 投稿日期： 2019年9月8日 21:58 CST","1571287312","undefined","undefined","undefined","undefined","undefined"
"https://www.facebook.com/cowbayfit/posts/2106479826326495","1569982211","#靠北健身界26286

 30歲有氧同志男老師，50歲已婚女會員

 每週一起吃N次五星級飯店
一起演唱會只看搖滾區同歌手一次看數場
定期出國，兩人一起出國

 
1週只教三四堂課一堂700，為什麼可以過如此豪奢的生活，我太好奇嚮往，就去請教有氧老師，沒想到他惱羞成怒，開始修理我，到處說我抹黑他被包養，說我得不到他就抹黑他
他是同性戀我得到他是能搞什麼？？！！
我覺得好變態喔
我只是想請教，請教要如何做能過這樣的好日子，這樣有什麼不對嗎？！

 投稿日期： 2019年8月31日 01:47 CST","1571287312","undefined","undefined","undefined","undefined","undefined"
"https://www.facebook.com/cowbayfit/posts/2110478809259930","1570456958","#靠北健身界26340

 在萵苣每次看到有氧課程在排隊的人龍，
除了少數幾個看起來還是有練過的，
大多數都是那種甚麼肥宅、胖大媽、娘GAY身材，
他們到底在那邊有氧幾點的？XDDDD

 投稿日期： 2019年9月10日 11:27 CST","1571287312","undefined","undefined","undefined","undefined","undefined"
"https://www.facebook.com/cowbayfit/posts/2112013329106478","1570632302","#靠北健身界26427

 看到健工三多店有位胸部有刺青的大美女
不曉得她有沒有男友
下次我也要在胸部刺青

 Submitted: September 17, 2019 12:15:18 AM CST","1571287312","undefined","undefined","undefined","undefined","undefined"
"https://www.facebook.com/cowbayfit/posts/2106483006326177","1569982551","#靠北健身界26307

 我要靠北淡水店的萵苣某教練，怎麼還會有教練跟女學生講妳哪裡胖哪裡胖？事實是女生根本就快變旁人眼裡的紙片人了耶！人家被你逼的根本沒脂還餐餐帶秤吃飯算熱量！
真的不要低估正能量的力量！如果換作玻璃心的女學生我看你怎麼辦

 投稿日期： 2019年9月8日 14:54 CST","1571287312","undefined","undefined","undefined","undefined","undefined"
"https://www.facebook.com/cowbayfit/posts/2110480542593090","1570457069","#靠北健身界26356

 新竹某橋下工作室 每次上課教練都叫我先滾筒20分鐘 靠心想 一堂課也才一個小時
XX娘你就叫我滾了20分鐘，深蹲做一組又叫我滾桶5分鐘，第二組又叫我坐下幫我按摩屁股，10分鐘就這樣浪費了35分鐘，雖然我知道在我蹲的時候因為緊繃而幫我放鬆，但是十堂課都是這樣，拖時間也不是這樣拖太兇吧?整堂課蹲三組下課?
 
尤其女教練既肥胖 又沒身材 真他媽噁心
請拿出專業以及良心賺錢好嗎? 該訓練時訓練，該放鬆時你可以約一堂課處理阿......十堂你都給我這樣搞真的很糟糕ㄟ

 常常明明就還可以蹲你卻說好沒力了 停....心想 根本沒有沒力好嗎? 請不要用你的肯定句 呼嚨了客戶的腦袋.....

 投稿日期： 2019年9月11日 02:32 CST","1571287313","undefined","undefined","undefined","undefined","undefined"
"https://www.facebook.com/cowbayfit/posts/2112006005773877","1570631923","#靠北健身界26393

 https://www.facebook.com/214456005824639/posts/419938871943017?sfns=mo

 真是的！上健身房練那麼辛苦幹嘛？躺著就能增肌啦！🤪

 Submitted: September 14, 2019 5:26:57 AM CST","1571287313","undefined","undefined","undefined","undefined","undefined"
"https://www.facebook.com/cowbayfit/posts/2112006045773873","1570631927","#靠北健身界26394

 我要靠北劍宮 中壢館 早班櫃檯咩咩
沒錯就是妳！
我知道上早班很辛苦要早睡！
但咩咩啊⋯⋯妳八月已經遲到三次
嚴重影響我們會員運動權利。
今天9/14更扯直接沒來上班，只由巡場教練幫妳開門！
咩咩啊⋯⋯如果一次兩次就算了，人總是會犯錯！
但妳今天有本事去烤肉，有本事去喝酒，也要有本事上班啊⋯⋯
不要因為妳自己的問題，影響其他人⋯
妳有想過嚴重嗎？
好好思考吧⋯⋯

 Submitted: September 14, 2019 11:38:16 AM CST","1571287313","undefined","undefined","undefined","undefined","undefined"
"https://www.facebook.com/cowbayfit/posts/2106483249659486","[Error]: TypeError: Cannot read property 'attribs' of undefined","","1571287313","undefined","undefined","undefined","undefined","undefined"
"https://www.facebook.com/cowbayfit/posts/2106482529659558","1569982500","#靠北健身界26301

 希望垂楊麥的健身房音樂可以認真放好一點

 投稿日期： 2019年9月8日 01:58 CST","1571287313","undefined","undefined","undefined","undefined","undefined"
"https://www.facebook.com/cowbayfit/posts/2110479959259815","1570457029","#靠北健身界26351

 中華蔬菜男賓天花板漏水問題
到底什麼時候才要解決！？
都已經因為要省錢慢慢在抽萊美系統課程
總公司還不趕快撥錢是被貪走了484？

 然後
他奶奶的有種拿掉combat
我直接最高會費續你3000年 凸

 投稿日期： 2019年9月10日 19:49 CST","1571287313","undefined","undefined","undefined","undefined","undefined"
"https://www.facebook.com/cowbayfit/posts/2110481169259694","1570457111","#靠北健身界26361

 建工新莊廠深蹲架有三組只有一組是木頭地板 另外兩組地面都凹凸不平了 不能跟信義廠一樣重新整修 那能不能至少深蹲架都換成木頭地板的呢？

 投稿日期： 2019年9月11日 11:00 CST","1571287313","undefined","undefined","undefined","undefined","undefined"
"https://www.facebook.com/cowbayfit/posts/2106477539660057","1569981950","#靠北健身界26274

 想請問
對於一間小有規模的公司會把員工的薪資算錯？
「少給？！還不止一次⋯⋯

 這是不是財務有問題啊？

 投稿日期： 2019年9月7日 23:38 CST","1571287313","undefined","undefined","undefined","undefined","undefined"
"https://www.facebook.com/cowbayfit/posts/2106463766328101","1569980079","#靠北健身界26270

 靠背蔬菜台南中華西路上的那間的教練m什麼s的，
我已經擺明說我不要上教練課了，
為什麼還要一直這樣黏著我，
搞得我現在連進去都不敢進去，
每次去運動都要擔心害怕被推銷，
連會籍都想找轉讓了⋯⋯⋯

 投稿日期： 2019年9月7日 21:24 CST","1571287313","undefined","undefined","undefined","undefined","undefined"
"https://www.facebook.com/cowbayfit/posts/2106477432993401","1569981933","#靠北健身界26272

 豐原健工的教練真爽，巡場只要陪著女朋友就好了，真的是既羨慕又忌妒😢

 投稿日期： 2019年9月7日 22:47 CST","1571287313","undefined","undefined","undefined","undefined","undefined"
"https://www.facebook.com/cowbayfit/posts/2110480812593063","1570457086","#靠北健身界26358

 所以說蒙古王什麼時候才要拓展到東部，宜蘭或花蓮來？？
點設在礁溪、頭城或蘇澳不好嗎？
要不設在宜蘭或羅東也不錯啊…搶爆蔬菜客源這樣？？

 投稿日期： 2019年9月11日 05:19 CST","1571287313","undefined","undefined","undefined","undefined","undefined"
"https://www.facebook.com/cowbayfit/posts/2110480115926466","1570457041","#靠北健身界26352

 動趣某油頭教練
號稱健身20多年的奇葩
動作奇特 愛叫 
在練站在後面一直看不講話是有啥事
動趣的素質越來越堪憂了QQ

 投稿日期： 2019年9月10日 20:35 CST","1571287313","undefined","undefined","undefined","undefined","undefined"
"https://www.facebook.com/cowbayfit/posts/2110480379259773:0","1570457060","#靠北健身界26354

 @Physio Network
8/25也才剛貼而已，其他物治專家都知道要分享粉專的原貼文。結果偏偏有強調專業的運動物理治療團隊，就這樣順手「致敬」別人的發文？改個圖就變成自己的東西，都不註明出處的？
不要丟臉丟到國外去，好嗎？

 https://reurl.cc/EKz7W1

 投稿日期： 2019年9月10日 23:53 CST","1571287313","/cowbayfit/photos/a.1494422597532224/2110480379259773/?type=3&eid=ARAhb2cn-GUytPyZG91mAeubDpzZD6hZaGamLokJrjdh24NzVPK1r9CAt2iO3kVDgzCiD5vchS1KZCGS&__xts__%5B0%5D=68.ARCrE9-mI5IaSiClyaxubUv9ZY11SC4zQl_x5GBV7GD1UlVnpqxiEK6IbEGMQC0Gtgg1R5Xd3N4uAI3Ka1_0E4w6uh6WjfN_O5I2z5OpF5D3kwObr3YCklpxT4_yF7mFE74Z-LqZQ_xDhjrCXAU_Qm4Wly4lTcPKcLqjSn3jSp5dHS1AISYrokPdXplIUjOoAEJn1Ngo04vza3jaeEDbuvfg3rzb8_rZLq1HVJAvuP-gKbJ7q5q8QLTP58goyTM1h3GrfrpyVfgOE55SYIk_qOimY0YXlduZArqx8q53LZgNE3EpIL_J34RBXmHiB41pvkCAJJ9bXZOrsQTxcISfnOOEdGj-&__tn__=EEHH-R","https://scontent-frx5-1.xx.fbcdn.net/v/t1.0-0/p526x296/71958807_2110480389259772_798146498603778048_o.jpg?_nc_cat=110&_nc_oc=AQm-G6g-AQoooW2VzPB5MwU3TFH3kznlaZ1BBTPMAyZUpBb5xYQmWwAf3t_4WAloiOrjcdP-G8OlrDKG-IOhnf5q&_nc_ht=scontent-frx5-1.xx&oh=c7096097f535a8929cee380db6c4c080&oe=5E2870DC","undefined","",""
"https://www.facebook.com/cowbayfit/posts/2106463116328166","1569980009","#靠北健身界26262

 練再壯也是沒我的千鳥厲害

 投稿日期： 2019年9月6日 23:38 CST","1571287314","undefined","undefined","undefined","undefined","undefined"
"https://www.facebook.com/cowbayfit/posts/2110480169259794","1570457045","#靠北健身界26353

 靠北 健X工X 的爛教練課延期限制
，我出差沒滿15天就不給延期，我常態性出差就是會超過一個禮拜不一定滿十五天，真看不懂這鬼制度，會籍請假可以花300為何教練課延期不行？不要跟我說簽約合約不看清楚啦，這種定型化契約我就算不服，但是想上課又沒有可以更改合約的空間，對消費者本來就不利，只是看我們要不要去消基會吵，然後私下個案處理而已。

 投稿日期： 2019年9月10日 23:31 CST","1571287314","undefined","undefined","undefined","undefined","undefined"
"https://www.facebook.com/cowbayfit/posts/2106482306326247:0","1569982478","#靠北健身界26298

 唉 今年在台灣各比賽成績前兩名都沒有，
總是拿第三的車尾
居然拿了WNBF PRO

 到底是台灣評審眼光獨特？
還是國外評審眼光異常呢？

 讓我們繼續看下去！
.
.
.

 各位老評審，
拜託與世界接軌好嗎！
拜託更新評分標準好嗎！

 別在拿「健美」標準評「健體」了好嗎？

 你們評差的人，去國際舞台總能得獎
到底是為什麼？

 投稿日期： 2019年9月8日 01:38 CST","1571287314","/cowbayfit/photos/a.1494422597532224/2106482306326247/?type=3&eid=ARBCR6CgueUcU8LY8dSCPrh0r4kQd-BYtxTblDJwjSkPl8bcdb48t0UAVRjc-TzMRDJ9TG1r8AqSnmZe&__xts__%5B0%5D=68.ARCNRrn5ucO8Z6AV-jVa0mg7Vaxmj9TaJMSSFf6yj2c94t8s9fFhknBpvM6s63Ek1STeXzzdrYPw-QCqol7j-_GLOVVyGzAMwCli89HTiZictjhT80i5WziZHn_gpQovINjs_d6zlU6HiHWocWE4Zs9s7inq2Ci4cu5u9vRilp4ii8HIrd9jYdjZdLK_jfvekZ_3r9DmmVvLabiPcyBKDj37n5LbDdSvULBjJjIpJ9WdeZ0MAA874T8F1Jn9W6Zq5j-dLrLe0FKUfVkHZ1Wsow2-W1VK62mJnKBUIz_RqzmTp39XeuMqsPBL8dpr53XjwMIiZrww0yrituHM4pljxad13J-q&__tn__=EEHH-R","https://z-p3-scontent.fpnh5-1.fna.fbcdn.net/v/t1.0-0/p526x296/71540978_2106482309659580_5401183337660284928_n.jpg?_nc_cat=106&_nc_oc=AQmZ_Y20zLzYfdhMFaUrWj0qo195ULzgril1BsjPCkQnSl4eW3rY4Lau9g4-hnEbgUI&_nc_ht=z-p3-scontent.fpnh5-1.fna&oh=144688a259c624435f9011535ffe00bc&oe=5E641BE6","undefined","",""
"https://www.facebook.com/cowbayfit/posts/2106463242994820","1569980025","#靠北健身界26266

 八卦謠言滿天飛

 第六感很準的

 就像我覺得我的車子會不見

 結果真的被拖吊啦= =

 投稿日期： 2019年9月7日 03:29 CST","1571287314","undefined","undefined","undefined","undefined","undefined"
"https://www.facebook.com/cowbayfit/posts/2106462942994850","1569979986","#靠北健身界26256

 想問一下工廠的巡場教練是否都是菜鳥比較多？
私人教練會兼職巡場嗎？
有個不是很喜歡的私人教練，
想說一大早開門去看能不能避開他。

 投稿日期： 2019年9月6日 21:04 CST","1571287314","undefined","undefined","undefined","undefined","undefined"
"https://www.facebook.com/cowbayfit/posts/2112004989107312","[Error]: TypeError: Cannot read property 'attribs' of undefined","","1571287314","undefined","undefined","undefined","undefined","undefined"
"https://www.facebook.com/cowbayfit/posts/2106463219661489","1569980021","#靠北健身界26265

 今天在蔬菜泡spa的時候看到一個男生下面光禿禿的，好怪......

 投稿日期： 2019年9月7日 02:20 CST","1571287314","undefined","undefined","undefined","undefined","undefined"
"https://www.facebook.com/cowbayfit/posts/2106463369661474","1569980035","#靠北健身界26268

 我要靠北前麥克健身-上楓館
現在的水舞健身房

 在麥克還沒變水舞的時候
有一個短髮女孩都會去(偶爾白天偶爾晚上)，每次都穿運動內衣
身高不高，大概150-160
他似乎有教練，是個帶帽子的男生
但他大多數都會自己練(有看過他帶大金色耳機滿特別的)

 但是自從變成水舞後，我幾乎沒再看過他(印象中好像還看過一兩次，但不確定)
我想問有人知道他是誰嗎?

 投稿日期： 2019年9月7日 14:33 CST","1571287314","undefined","undefined","undefined","undefined","undefined"
"https://www.facebook.com/cowbayfit/posts/2110481925926285","1570457170","#靠北健身界26374

 為何很多肥宅去健身房練了老半天還是肥宅呢

 投稿日期： 2019年9月12日 18:21 CST","1571287314","undefined","undefined","undefined","undefined","undefined"
"https://www.facebook.com/cowbayfit/posts/2110478602593284","1570456943","#靠北健身界26338

 我是某蔬菜在職教練想要靠北賣課這件事！
想抱怨每天都要從學生或會員手上產出一大筆課程費用，

 在這不管昨天今天前天有沒有賣出去課程或今天真的賣很好，只要大家不到今日的目標。
恐怖的事情就來了！
主管會要求你先墊錢(先幫忙買在口頭答應會買課的學生)想方設法讓今天數字好看點回報給公司。
時間上也是每天沒有在準時上下班 
還要被一直狗幹到要墊錢買課整個心力交瘁
通常這個錢也是有去無回 業績做得好的墊錢也是大有人在
讓我們許多教練們,看不到公司未來的希望。
公司也只看到自己的未來 卻讓教練犧牲了青春
話說公司內部回饋表都要被盯著寫假的，主管還能跟你們說什麼真話！

 一個月看上去賺的多 但用到的就那些
公司最上層只知道賺爽爽的，不用理錢是哪來的
為什麼不放慢腳步，好好重整一下 
就不會被在靠北健身界長紅榜單

 最後附上一個很符合我們教練狀況的笑話

 我是在某蔬菜當教練的，而我上班的原則是：
「幹你娘墊錢」
沒錯，就是幹你娘墊錢，主管才不管甚麼教練是來賺錢三小的，每天產的業績就是姬芭一大筆。小單墊成中單，中單墊成大單。教練課買十送一，跟把整個月薪水全送給公司沒兩樣。

 我還記得，我那個月上班25天，我跑去跟經理說，這個月我墊了十萬，你有頭緒嗎？

 主管回我他媽的怎麼會知道。

 投稿日期： 2019年9月10日 02:21 CST","1571287314","undefined","undefined","undefined","undefined","undefined"
"https://www.facebook.com/cowbayfit/posts/2110477772593367:0","1570456861","#靠北健身界26331

 想請問我是蔬菜健身房會員，我明明看到標語說禁止錄影或拍照，可是還是很多人明目張膽的拍照阿？？

 教練也都應該有看到阿走來走去的，也都沒禁止他們過？真的是一頭霧水阿！！

 我不想問蔬菜客服了，因為我覺得他們遇到事情要馬官腔要馬就回你幹嘛不直接問現場櫃檯or現場教練！！根本沒有解決事情能力阿

 所以到底為什麼一堆人能拍照或是錄影阿？？！

 投稿日期： 2019年9月5日 03:00 CST","1571287314","/cowbayfit/photos/a.1494422597532224/2110477772593367/?type=3&eid=ARBZvQoz17j5mypxncuRots2E6ujVVR197HRfEeQIv8JlLgGb9prqqnQMVYf9RpKueJ-AVj84OrevFNo&__xts__%5B0%5D=68.ARDR09SCU1N3hVcHBusUxKMn-L5h8k2z2DziwLoMMXoKKPi4eVKCZlaEsN1iCt2FHjjXlBMZEEZl3RtDjZp3GvNri3SuChzojVJ4EBkr0vcZM0VLilFW6nQJ30UNbKkGQnnn-Z25RgRW4m_ysf1dtLVsyBLIaY3ZbIvQ0Wpusc0RmBlZ513mBZqZ4Vqz-6cr57qtUHqSwR35nXmdQAbqsoU3l_Yrly4PqOkdaX4yvbPbHTfKBafO0sI_vWZ9W3thtw17kZNK74ZiyIKDrr8bXVgHj52aF0akHWOYQSdwiRrtVRk-Nxsr5kp5TkeNIt1S5-esQLjH6JDXo4k1EDnhmNG15AnE&__tn__=EEHH-R","https://scontent-ort2-2.xx.fbcdn.net/v/t1.0-0/p526x296/72377238_2110477782593366_6402103995451572224_o.jpg?_nc_cat=109&_nc_oc=AQktaOMRvqENbDR8dLJ-hEgFOO6YciH-3YdvFldjYv2kkA2XqPQcS08NtC19w15syvA&_nc_ht=scontent-ort2-2.xx&oh=8e3a3133b56c144f79e0ed4f39c0fd23&oe=5E63D684","undefined","",""
"https://www.facebook.com/cowbayfit/posts/2106463379661473","1569980038","#靠北健身界26269

 #靠北健身界25872 
把員工當重要的資產，在這間公司只是個傳說
員工永遠都是主管往上爬的墊腳石
哪怕一個錯誤，是可以分辨出各自責任
但最後懲處永遠都是最弱勢的那位。
（受懲處的還未必是真正有錯之人）

 投稿日期： 2019年9月7日 14:49 CST","1571287314","undefined","undefined","undefined","undefined","undefined"
"https://www.facebook.com/cowbayfit/posts/2110481449259666","1570457133","#靠北健身界26367

 嘉義的健＊工廠不少人運動時使用手機，都大剌剌把聲音開到最大，請問是當自己家還是當別人都是聾子？帶耳機很困難嗎？

 尤其是晚上跑步機有一個用平板看影片的大媽，無敵傻眼。

 投稿日期： 2019年9月12日 03:51 CST","1571287314","undefined","undefined","undefined","undefined","undefined"
"https://www.facebook.com/cowbayfit/posts/2106477482993396","1569981943","#靠北健身界26273

 聽說補充葉黃素可以加強運動能力 請問這是真的嗎?

 投稿日期： 2019年9月7日 23:24 CST","1571287315","undefined","undefined","undefined","undefined","undefined"
"https://www.facebook.com/cowbayfit/posts/2110478902593254:0","1570456967","#靠北健身界26342

 #靠北健身界25938
那是拿來放槓片不是放腳的 你知道嗎？教練

 投稿日期： 2019年9月10日 09:25 CST","1571287315","/cowbayfit/photos/a.1494422597532224/2110478902593254/?type=3&eid=ARA3u2K0ASrG2y6IbqCwcDZBuhgj2y88bEs0bcejiMQ2z5BHxbeJ7Pi_GVFravIZghmlBkisQvMVMP_Z&__xts__%5B0%5D=68.ARAISx2jm4Ri8dOtMiKLqI0MPwmLTIgTizwkXmyEC07Ik6EPdwCK4TEivxs2ZkqEmfm6xPxO--6IrXvUGaQPbMPY-JNC1zHpnWQY8fxam610KFfmziJARqvTu3lGJiET2d1CAMGhM7wgGOpiidUDrlJAzpp4dZdd7tqJmIEGyt8V8NrzZjoseNHUk5GzrrIIkrXII79r40m7m04oYAiJb0snQsOV_6lx1yrhF4DS4PkO7z2-9g82ZaUo4Svjz1u6FrCGUIXf7dr2Z5EtAyiBxzLIB2hpThmeW5-D1j-RqoCGH7t_s1O6zTGZ9yo_RRI0AknxUgeMQpxz7DyjPo-Ogzow8oP_&__tn__=EEHH-R","https://scontent-ams4-1.xx.fbcdn.net/v/t1.0-0/p526x296/72681242_2110478909259920_64209834089644032_o.jpg?_nc_cat=108&_nc_oc=AQlebAXGz5-K30sn41iMC_Wvy-sFuTNryKHygkDz6kSDFERAyjJYBIgnTe6lgIuF1AE&_nc_ht=scontent-ams4-1.xx&oh=40565476036f799cbccfee23c9abd8cd&oe=5E1CF5A5","undefined","",""
"https://www.facebook.com/cowbayfit/posts/2106478126326665:0","[Error]: TypeError: Cannot read property 'attribs' of undefined","","1571287315","undefined","undefined","undefined","undefined","undefined"
"https://www.facebook.com/cowbayfit/posts/2106487672992377:0","1569983099","#靠北健身界26324

 Po這邊大家才看得到吧？ 
我也是會員之一 也看到不止一次..

 投稿日期： 2019年9月9日 15:31 CST","1571287315","/cowbayfit/photos/a.1494422597532224/2106487672992377/?type=3&eid=ARBQTIj5RTHo-dL_SrzVig2Ot-wEWDKK_DpL3S0ek5vii3vR0DT0TYhPfLiOh3aSt-oEYQ1byLwyBk0a&__xts__%5B0%5D=68.ARC4O4K4LGBj6cneehHsugYrA81mMrPdJUSn5bGV1bGjHZHD5KaLTbr-ZyYJUfZxdL3PsFO-r6zVvYoGsvWk9huQ8GIJQWf-4HltoKpG5UpEtcNJIpFjiCmNrb0WoocqQMSVNGoUewU2ww_r3VXo6ToO6xy6dF897hRbv4LFsT0TS2vv_nUkWIdKkPi_kkDHP0HgBnve6ozY6_JIa1z44Mmic1yXipQB3HDqGKYOcbrzQ-MUt_ORyE7j0Jh5tI6Az8GlJO_PSyJq_pkUN2bbQy5AM7GRBn2aiFm8LPjQzC7XkBfymSau2kDjpo9a_sJmg6PyMilmVNWaWRrrNKCPsHTypWQ2&__tn__=EEHH-R","https://scontent.fldb5-1.fna.fbcdn.net/v/t1.0-0/p526x296/72292786_2106487676325710_2073077763413114880_o.jpg?_nc_cat=107&_nc_oc=AQlLR7WB7hpQ3mqg_qAAJ0yW_Gr7gVxnjX1XK4dPYTVGTP4wTjqfYbVZbDzOt4WVFo4&_nc_ht=scontent.fldb5-1.fna&oh=f23dae359090a07dacfd220b5194e073&oe=5E23B99B","undefined","",""
"https://www.facebook.com/cowbayfit/posts/2106463299661481:0","1569980033","#靠北健身界26267

 過來人、老前輩都這樣斬釘截鐵了
為什麼還是有幾個人獲獎的人
每天在那邊天然來天然去

 尤其是那些什麼PRO、業餘賽一直得獎的人、國手等等

 要不是阿文老前輩太爛不會練
就是你們年輕人基因太強屌打用藥的人

 大家覺得哪一個？

 投稿日期： 2019年9月7日 13:19 CST","1571287315","/cowbayfit/photos/a.1494422597532224/2106463299661481/?type=3&eid=ARAvWoJ-wTXEqLOYNdXnQNtJDK1jHiv8sUKjMFaPQleOLYOjkzw61x2UVnxtkC5FDgLaJrwiyDQl2RCK&__xts__%5B0%5D=68.ARDok7POmAK5BK3AQQdmaYLAPFnkrBmwZiTqCN83CeIP17bboD6S3ZGMal0FjmXIhUse27pfPSiaE2izJjNhTiMpJ1eEA18ZQm-axJoSnOg6BQvvGFFCgF5mxgvl0Ujy3Hu25PEj9xPFhjDmqBAqbS4pQNfLTZ7gbM9CSJWMW7qS38c2lmgoRifE760s1mfHl7PzCkErL85hXh4_NdqTcyG2YWQxuo8J-c5bB181D8yTOd5ktyEW8VwOrDLPvCM8NLZvq98htbnKzaifBQq3kI9K9Gjdd-dnLSR7KrGWsDNrtYQEj4KJmK6gAp6wja6LgmyG2eP3oEWscAHORY0vweh3nAVo&__tn__=EHH-R","https://scontent.fbog3-1.fna.fbcdn.net/v/t1.0-0/s552x414/72126594_2106463306328147_3049435404454330368_n.jpg?_nc_cat=106&_nc_oc=AQlQykv2Z4FV57hKn2PhNnLBqzPZCzeRc0VTdR66As4Cho7MXQ_L9IxwOMpQE2D2EBE&_nc_ht=scontent.fbog3-1.fna&oh=b791cf92a914d7a76688c5d22209710e&oe=5E286485","undefined","",""
"https://www.facebook.com/cowbayfit/posts/2110481729259638","1570457156","#靠北健身界26371

 有氧咖是不是都自我感覺良好互相安慰
堅持不壓重量訓練 有氧就能瘦身
其實每個有氧咖屁股都一樣垂 難看
還在固執嗎？妳已經浪費那些時間能變強了
有一些臉蛋是不錯 但是看那屁股塌塌的就很可惜

 投稿日期： 2019年9月12日 16:51 CST","1571287315","undefined","undefined","undefined","undefined","undefined"
"https://www.facebook.com/cowbayfit/posts/2106463022994842","1569979997","#靠北健身界26259

 Myprotein 巧克力堅果口味喝起來怎麼怪怪的？

 投稿日期： 2019年9月6日 15:10 CST","1571287315","undefined","undefined","undefined","undefined","undefined"
"https://www.facebook.com/cowbayfit/posts/2106486759659135:0","1569982986","#靠北健身界26320

 原來那些油沒排出來，會變身體的脂肪喔！！
嚇屎倫～～

 投稿日期： 2019年9月9日 10:16 CST","1571287315","/cowbayfit/photos/a.1494422597532224/2106486759659135/?type=3&eid=ARAxDkx8ZQt-GB0100ifprByZtGr30m8B7RLegi4ukiLuTLN8hS-tOQJf1e_y3T26itDIXowPGQVD_WY&__xts__%5B0%5D=68.ARA29DPPBuqFOaJ4LGuT5lHlEPyRRBFhOTq1EWSFKctD2DIWhJILDi4mDLzA4GEqpf77gi7EEpo0oXnPrm6lB5DjUVOlBlFpWC8DzzVF1oTP9Mxcd1jMNIViKbYr0PNkSFgqDNJJLnYpebMQTkwlpAlzbiNUBxlygbAET9d2OhU84eQAI41dxiT2AQB0SBOWzvv-A-TjvPSPOncPoKbEGCi2X-Cr9K_IghAXjtZaxVHJLsW1dspK2iq-wDpPcRadVe_I0SBXwXU10UTe3yU6xONtVmPvFKXNgjhQa-X8UH-VJ3oWfNO0OLK0qmeDO_bTSQX2tRrsXqQENVw6JBtna4syPmrG&__tn__=EEHH-R","https://scontent-jnb1-1.xx.fbcdn.net/v/t1.0-0/p526x296/72123850_2106486762992468_8382525840977559552_o.jpg?_nc_cat=111&_nc_oc=AQn22ESuf_rQpnIH1oMYZ-t3T84_N7cdqDAk83Imh_Se_KultvdS3zJ9sBcFus0ph8w&_nc_ht=scontent-jnb1-1.xx&oh=5e0bd8084c32c62fec6fb3c5a0527196&oe=5E2FD4FB","undefined","",""
"https://www.facebook.com/cowbayfit/posts/2112006262440518","1570631946","#靠北健身界26398

 牛肉治癌症？
健身用牛肉？
會不會之後有長高用雞肉還是變帥用豬肉啊

 Submitted: September 14, 2019 7:26:14 PM CST","1571287315","undefined","undefined","undefined","undefined","undefined"
"https://www.facebook.com/cowbayfit/posts/2106459416328536","1569979514","#靠北健身界26250

 小妹最近想減肥
請問有15y可以去的健身房嗎(可以辦卡的那種)
雖然我一臉20幾...

 投稿日期： 2019年9月5日 23:58 CST","1571287315","undefined","undefined","undefined","undefined","undefined"
"https://www.facebook.com/cowbayfit/posts/2112006725773805","1570631975","#靠北健身界26403

 有人知道掛槓片的腰帶跟鐵鍊去哪買嗎(台北市）？
自體拉背不夠重很靠背欸QQ

 Submitted: September 15, 2019 3:54:54 AM CST","1571287316","undefined","undefined","undefined","undefined","undefined"
"https://www.facebook.com/cowbayfit/posts/2106463186328159","1569980017","#靠北健身界26264

 求標記松山台北健身院 戴sbd腰帶的女神

 投稿日期： 2019年9月7日 01:23 CST","1571287316","undefined","undefined","undefined","undefined","undefined"
"https://www.facebook.com/cowbayfit/posts/2110478492593295","[Error]: TypeError: Cannot read property 'attribs' of undefined","","1571287316","undefined","undefined","undefined","undefined","undefined"
"https://www.facebook.com/cowbayfit/posts/2106477862993358","1569981992","#靠北健身界26279

 土城蔬菜踩樓梯短髮妹 看了2次妳都沒什麼表情
我還故意一直走來走去吸引目光 雖然妳只會看手機
可是沒關係，！妳可以再出現嗎？ 我在旁邊看就滿足了

 投稿日期： 2019年9月8日 01:01 CST","1571287316","undefined","undefined","undefined","undefined","undefined"
"https://www.facebook.com/cowbayfit/posts/2110478329259978","1570456917","#靠北健身界26335

 這個是賀xx吧 朋友去體驗都要喝奶昔
好險我冰雪聰明 差點上鉤了
拜託有正常教練可以推薦的嗎

 投稿日期： 2019年9月9日 21:45 CST","1571287316","undefined","undefined","undefined","undefined","undefined"
"https://www.facebook.com/cowbayfit/posts/2106482622992882","1569982512","#靠北健身界26303

 那天一如往常的在中科健工練，一如往常的剛好會有教練帶學員在旁邊用器材，組間休息剛好瞄到學員那個臥推的手腕已經完全反折，我一個震驚教練都沒發現嗎

 投稿日期： 2019年9月8日 02:14 CST","1571287316","undefined","undefined","undefined","undefined","undefined"
"https://www.facebook.com/cowbayfit/posts/2106486322992512","1569982935","#靠北健身界26317

 我在蔬菜一中店運動

 這篇單純說出自己覺得很白癡的事 沒有要靠北誰

 每次看到都想笑

 我是男生。我職業是髮型師。我自己頭髮很長。就是及肩那種。

 每次運動結束洗完澡。就看到有些男生。剪的根本就普通到不能在普通的髮型。 兩邊推貼上面短短那種

 然後很認真的拿著梳子跟吹風機在那吹半天

 老實講 從我一個專業人士來看。我不知道那些人是在吹三小。 梳子不對 拿法不對 角度不對 你吹到吹風機燒掉也不會有什麼改變。 而且那髮型本質就是不用吹
媽蛋兩三公分的頭髮是要吹個毛線 有型都是髮蠟髮油整理出來的

 最好笑的是有些人還禿頭。中間沒頭髮那種。也在那學人家拿梳子吹

 每次看到那種人。我都故意坐到他們旁邊。一次拿起兩隻吹風機
嘩啦啦的一陣亂吹自己的頭髮。3分鐘就吹好了。只要記住一個原則，一個成功剪裁的髮型，順著髮流吹。吹起來頭髮就是有型的

 老子頭髮這麼長。層次還打這麼高。 隨便吹吹就好了

 你頭髮那麼短 還禿頭。你是在吹三小？

 別人不會覺得你很有型啊。只會覺得你很白癡。真的

 投稿日期： 2019年9月9日 00:37 CST","1571287316","undefined","undefined","undefined","undefined","undefined"
"https://www.facebook.com/cowbayfit/posts/2106462912994853","1569979982","#靠北健身界26255

 請問高雄anytime fitness哪一間分店有推薦的教練?

 投稿日期： 2019年9月6日 19:23 CST","1571287316","undefined","undefined","undefined","undefined","undefined"
"https://www.facebook.com/cowbayfit/posts/2106477632993381","1569981961","#靠北健身界26276

 #靠北健身界25908
可以拜託鳳山WG在cable 架手把拉繩多放一組嗎？
每次要練都被其他巨巨拿走了 我是要空手練膩？
不是我愛靠北 一整台那麼「大」的機器 手把拉繩都只有「一個」在台北都好多個呢

 投稿日期： 2019年9月7日 23:59 CST","1571287316","undefined","undefined","undefined","undefined","undefined"
"https://www.facebook.com/cowbayfit/posts/2106463139661497","1569980013","#靠北健身界26263

 我要靠北輔x體x客 ，沒看過兩個人一次佔用三隻W鋼，體育客就那四隻，啊你兩個人用三隻，還有一隻是空槓，剩下的人是要用什麼啦！難以置信欸

 投稿日期： 2019年9月7日 01:17 CST","1571287316","undefined","undefined","undefined","undefined","undefined"
"https://www.facebook.com/cowbayfit/posts/2110479442593200","1570456999","#靠北健身界26347

 怎樣的父母才會教育出一直手賤不能把一對同一個重量的啞鈴用完放在一起的畜牲？之後要用的人找到一隻找攏無第二隻，你包全場嗎？

 投稿日期： 2019年9月10日 16:09 CST","1571287316","undefined","undefined","undefined","undefined","undefined"
"https://www.facebook.com/cowbayfit/posts/2106479476326530:0","1569982181","#靠北健身界26285

 賀寶芙聯盟？
看看這些教練素質真的很有勇氣
拍這些照的勇氣是梁靜茹給你們的？

 投稿日期： 2019年8月30日 22:51 CST","1571287316","/cowbayfit/photos/a.1494422597532224/2106479476326530/?type=3&eid=ARBlEJHC5vY3kDZISmV0nXluOTfAZk0pc4Pg0jPYnklER6h9J2Ucg3RV4NscwX2LxzFrmtXEnIgIPMc1&__xts__%5B0%5D=68.ARD_xRT8DJOnJcrIqhat8yhSQb_4jXG4hFXkMYlp2d1llCsYDkQRzDgQXKsdsmP7XTBzSOR5xqTXbCO9MjkjhDINwU9PvVKDJDvkRmy75d5xpZIA201Oao7mLrt8umMLGyy9RSuRfaTFdEgZaOfBdjd7b5eHiN9fVzLNbnRT1LivQlxhp5SABtgWVYwtQfFbYkgpo8zXKc9h6Gr2G1xbF4vztrj4IyxwNnNpirn8dXF48Y-pyO56j1IXgGNIRUdEvZSmlAmDncBVAuDjkoTpjETWssTQ2wHA3S5bTjQoXUjORWIH4X-CNE_FcqaSYStKt2cIe8At7m6Xu3BOpvYAna9ufqRL&__tn__=EEHH-R","https://scontent.fdac10-1.fna.fbcdn.net/v/t1.0-0/s640x640/71706330_2106479486326529_6689282010126483456_n.jpg?_nc_cat=104&_nc_oc=AQnkNzKIX_xPAxuUAwXQoJs1FTyuTnQKV1gX5NjmPIVwh_wlb_Q9Joij3x5XbBwfIzg&_nc_ht=scontent.fdac10-1.fna&oh=e2b1f904b255218ed53794743fe48528&oe=5E33A772","undefined","",""
"https://www.facebook.com/cowbayfit/posts/2106483569659454","1569982581","#靠北健身界26310

 看到反送中言論就被約談威脅
我就想到我們公司
按別家健身俱樂部讚就被約談
問我什麼問題
說要離職就趕快 說明白
別人按離職教練讚也被約談
被罵白目 不會懂得切割 保護自己 
現在說想拼上櫃上市 底下主管這種行為是可以的嗎
建工當初跟你們不合出去做
現在人家做起來了
就要跟人家比面子
萬一倒了我們怎麼辦
然後再來弄一個薪水預支 8成
什麼東西
人家建工的主管有的才能你們有嗎
拜託好好讓我們安穩的做 不要亂搞了
然後不要再隨便嗆教練不爽出去開了
不讓你就永遠在追別人的腳步
拜託安分一點 好嗎

 投稿日期： 2019年9月8日 16:27 CST","1571287317","undefined","undefined","undefined","undefined","undefined"
"https://www.facebook.com/cowbayfit/posts/2106481512992993","[Error]: TypeError: Cannot read property 'attribs' of undefined","","1571287317","undefined","undefined","undefined","undefined","undefined"
"https://www.facebook.com/cowbayfit/posts/2106480829659728","1569982308","#靠北健身界26291

 
南崁極x經理說他可以告我毀謗因為他們都有開發票沒有逃漏稅喔，欸有開發票為什麼消費者沒問就不會拿到？健身房的消費又不是像路邊攤幾百塊的衣服，到大公司消費萬元金額，給發票保障彼此天經地義吧？只是這間健身房常常「忘記」給發票喔，不知道開了發票後不給是為什麼，看看有沒有中兩百塊嗎？

 投稿日期： 2019年9月3日 11:10 CST","1571287318","undefined","undefined","undefined","undefined","undefined"
"https://www.facebook.com/cowbayfit/posts/2110479792593165:0","1570457020","#靠北健身界26348

 我以為這年頭應該已經沒有人會炫耀自己TABATA可以做幾組了
短短一段能每一句都有吐槽點也很厲害
對健身完全無知的錯誤發言示範也不夠如此
標準到根本是反串才寫得出來

 投稿日期： 2019年9月10日 16:31 CST","1571287319","/cowbayfit/photos/a.1494422597532224/2110479792593165/?type=3&eid=ARBw9rizo2KRtdnAm7yZd71wq5sfe4xVZpla-awWJC5sksSdHIIltJOKgkZvNP91KgFK5xFA60slflA6&__xts__%5B0%5D=68.ARA5S5ycVHk6k-PH6xxHFRMfy4-WDVUVf6pm4YbKsjoHcVbEKahdGhhmRe21_hsj2iam-iH3lva3aFDhixqCjHtlmrvARnOeeWaXSpxExT7DL8H0JB004L_o9XyslcIWquxfqTqwE-ofa55SWA5OXwSNYqdG2rvwL72QpGpTyahRGFQ--GmeI76vsPjzjm9uTy0pGQkPZfaQt2ACWgFG9nPuNRL7O6JF1d8441eY_JZePqS4xdbqpXiG_XD2nhGUU2BLLgD18kbRz5dEk1taymr64e87qdvGnGIsOyXMfNKOqo4vvFh8F24me7cJLHiGFhWusP5aVDa1fF7gheJ6YO7uI40F&__tn__=EHH-R","https://scontent.fmaa1-2.fna.fbcdn.net/v/t1.0-0/p75x225/71704055_2110479799259831_4330484944666099712_n.jpg?_nc_cat=103&_nc_oc=AQkq6OVcGrmFBs9B3OuZOAn9eUPlEMAksnOm4slalThCrKpFsXBmBV20pt1l8nK0i_k&_nc_ht=scontent.fmaa1-2.fna&oh=344a4cdc517db37cc2ecf5937dc3bb5b&oe=5E3532DB","undefined","",""
"https://www.facebook.com/cowbayfit/posts/2106459402995204","1569979512","#靠北健身界26249

 說真的，常常看到大家在這裡靠北健身房裡的日常有關事情……🤔🤔🤔
不知道有沒有人跟我一樣想過同樣的問題～？
很多男的重訓後，尤其是常常練腿的，會激發很多睪固酮……😎😎😎
有伴的，一定是女友經常腿軟；😏😏😏
沒伴的，一定是衛生紙用很快……🤣🤣🤣
哪…………女生呢？女生訓練完，一定也會想吧？
都如何處理～？？？
#本篇不歡迎假掰吃素的回應……😆😆😆

 投稿日期： 2019年9月5日 22:49 CST","1571287322","undefined","undefined","undefined","undefined","undefined"
"https://www.facebook.com/cowbayfit/posts/2193558154285328","[Error]: TypeError: Cannot read property 'attribs' of undefined","",1579256792,undefined,undefined,undefined,undefined,undefined
"https://www.facebook.com/cowbayfit/posts/2193557797618697","1578835577","#靠北健身界27338

 台灣現在有多少健身教練啊？

 Submitted: November 25, 2019 4:03:56 PM CST",1579256792,undefined,undefined,undefined,undefined,undefined
"https://www.facebook.com/cowbayfit/posts/2188783804762763","1578401857","#靠北健身界27285

 我要靠北蔬菜黎明店
%數沒到就不能出去買晚餐？
到底什麼邏輯啊這是什麼管理方式.
最大問題的經理你若有能力帶這個團隊
%數會變成這樣嗎，禁止教練出去買晚餐
根本治標不治本...
是不用檢討自己管理方式嗎？
說的分單規定跟做的不一樣，
只要遇到是自己旗下的教練，
政策就會轉彎，
自打嘴巴還不會臉紅，
對服從自己的教練，不斷拉攏，
把所有資源就只給自己認定的那幾個人
沒有利用價值就就踢出群組，趕快滾蛋...
副理
搶單也不管，
到底有什麼資格當副理這個位置
每個月都已經領大家的團績！
還要硬坐下來吃1/4的新單跟續約...
上面讓你當副理請問你有盡到管理的資格嗎
你到底有什麼能力在這個位置上，
巴結上層，仗勢欺人，
不斷壓榨底下的人
新人就該死該當你的出氣筒
難怪教練的流動率那麼高
上層是不會省思問題嗎？
反應問題都能解決要靠北版幹嘛？
腦子有什麼問題？
最大問題的副理不撤掉麻煩趕快調他去豐原害別人好嗎?
只想著自己荷包飽飽自私自利根本害蟲一條
還我黎明清流優質工作環境

 Submitted: November 20, 2019 2:06:55 PM CST",1579256792,undefined,undefined,undefined,undefined,undefined
"https://www.facebook.com/cowbayfit/posts/2193556374285506","[Error]: TypeError: Cannot read property 'attribs' of undefined","",1579256792,undefined,undefined,undefined,undefined,undefined
"https://www.facebook.com/cowbayfit/posts/2193556030952207","[Error]: TypeError: Cannot read property 'attribs' of undefined","",1579256792,undefined,undefined,undefined,undefined,undefined
"https://www.facebook.com/cowbayfit/posts/2193557430952067","[Error]: TypeError: Cannot read property 'attribs' of undefined","",1579256792,undefined,undefined,undefined,undefined,undefined
"https://www.facebook.com/cowbayfit/posts/2193553374285806","[Error]: TypeError: Cannot read property 'attribs' of undefined","",1579256792,undefined,undefined,undefined,undefined,undefined
"https://www.facebook.com/cowbayfit/posts/2188783904762753","1578401867","#靠北健身界27287

 蔬菜松仁店的可以不要一直打電話來嗎？
都說過好幾次別再打了還一直打
不接還會用自己手機打，再不接還用其他人手機打
煩不煩？！

 Submitted: November 20, 2019 7:00:38 PM CST",1579256793,undefined,undefined,undefined,undefined,undefined
"https://www.facebook.com/cowbayfit/posts/2193557304285413","1578835545","#靠北健身界27335

 前幾天去士林一家新的健身房參觀
叫皇家 他們一直強調他們是亞洲No.1的健身俱樂部
器材超越全亞洲的健身房⋯教練也是亞洲No.1....
參觀完 只是傻眼 器材少 一樣有格鬥擂台 但和成吉比
光槓鈴一個有牌子一個沒牌子就差很多⋯重點高額的月費（雖然聽說一直降價中）感覺算是一種快做不下去垂死掙扎的概念 很不喜歡他們的推銷方式 我也去過其他健身房
沒必要一直說你們都是最好 其他健身房都跟你們沒得比 我們也有眼睛自己看的出來 況且你們那晚上都沒會員在運動 看起來就有鬼了

 Submitted: November 25, 2019 10:06:19 AM CST",1579256793,undefined,undefined,undefined,undefined,undefined
"https://www.facebook.com/cowbayfit/posts/2188783594762784","1578401844","#靠北健身界27283

 我要靠北成吉思汗新莊館的教練
請不要再約女學生單獨出去～
你有女友！你有女友！你有女友！
說這麼多次就是怕你忘記了
再讓我看到一次
我會在這裡公布你的名字
我已經注意你很久了
夜路走多是會遇到鬼的

 Submitted: November 20, 2019 12:19:04 PM CST",1579256793,undefined,undefined,undefined,undefined,undefined
"https://www.facebook.com/cowbayfit/posts/2188783351429475","1578401825","#靠北健身界27281

 我要靠北置物櫃啦

 土城廠的會員是每個三項總和都破500的是不是

 幾乎每兩個禮拜都會有個置物櫃的門是掉下來的

 到底是要多巨打多少藥才可以這麼猛阿

 Submitted: November 20, 2019 1:28:28 AM CST",1579256793,undefined,undefined,undefined,undefined,undefined
"https://www.facebook.com/cowbayfit/posts/2188783448096132","1578401834","#靠北健身界27282

 號稱全台中第一間24小時的健身房啊
你們的下拉把手何時才要修
一條束帶都在上面多久了
這樣誰敢拉重阿

 Submitted: November 20, 2019 3:20:54 AM CST",1579256793,undefined,undefined,undefined,undefined,undefined
"https://www.facebook.com/cowbayfit/posts/2193551837619293","1578835188","#靠北健身界27311

 其實每次教練搭訕時，我真的很爽，但是表面我超冷靜又不知道怎麼聊下去，都對啊、嗯嗯之類的就結束了。怎麼辦呢？真的好可惜⋯其實我很餓！我很餓！我真的很餓！

 Submitted: November 21, 2019 8:42:17 PM CST",1579256793,undefined,undefined,undefined,undefined,undefined
"https://www.facebook.com/cowbayfit/posts/2193555924285551","1578835459","#靠北健身界27329

 幹新莊蒙古的收訊真的很爛，有時休息時間要跟客戶講事情電話都打不通還要跑上去，有點想跳槽建工跟萵苣了，沒網路台灣制霸

 Submitted: November 24, 2019 2:26:28 AM CST",1579256793,undefined,undefined,undefined,undefined,undefined
"https://www.facebook.com/cowbayfit/posts/2193557534285390","1578835562","#靠北健身界27337

 靠背清水蔬菜
說是旗艦館
結果沒有提供棉花棒，洗澡完耳朵進水怎麼處理
一點都不體貼
人家

 Submitted: November 25, 2019 1:11:32 PM CST",1579256794,undefined,undefined,undefined,undefined,undefined
"https://www.facebook.com/cowbayfit/posts/2193554200952390","[Error]: TypeError: Cannot read property 'attribs' of undefined","",1579256794,undefined,undefined,undefined,undefined,undefined
"https://www.facebook.com/cowbayfit/posts/2193554364285707","1578835365","#靠北健身界27321

 我的肩膀和胸肌其中一邊比另一邊小不少但是肌力和及耐力卻大很多...平時也有做單邊訓練卻沒有改善 請問板上各位高手應該怎麼調整？

 Submitted: November 22, 2019 1:36:53 PM CST",1579256794,undefined,undefined,undefined,undefined,undefined
"https://www.facebook.com/cowbayfit/posts/2193552787619198","[Error]: TypeError: Cannot read property 'attribs' of undefined","",1579256794,undefined,undefined,undefined,undefined,undefined
"https://www.facebook.com/cowbayfit/posts/2193548227619654:0","1578834927","#靠北健身界27296

 牛肉哥你還是乖乖自拍和賣你的牛肉吧
港人的五大訴求缺一不可，喊多久了？
港警打人殺人多久了？
挺無腦韓國魚，組間休息只會自拍不會去查證？
現在又來挺港警？
不要成為肌肉發達頭腦簡單的代表號好嗎？
不要丟健身人士的臉，謝謝

 Submitted: November 11, 2019 11:11:27 PM CST",1579256794,"/cowbayfit/photos/a.1494422597532224/2193548227619654/?type=3&eid=ARBGeM5uzIPJ50dyiebmHphpcO_6TgPRawFkD-VfpxnXN1ApETKYKCY92368tYeOsHsayHbKt_G0U3VG&__xts__%5B0%5D=68.ARColZ0bL-CldPiRefosP_Kl8FS6uEupN2A8kNFXBwaMKvmpKra5HM4YRh_IFzMwnMstN68YIH5nRE7UEGSUMZ_JEYqU5naaFidBAb0PHm2ZZW1eyaWtP9vSVWz_FVgHrT9kyo8e06OOfG0DIf5GLI2Ny3mpdxRLVPZo-om_49KpQBjzUYgmNL81mHjUpV-rOGXUKklTXSavLEthCsTA9y3ihLdHMALHOIf0O9v0sS0uFHcS67budt79zt7Te7QU8r5ThtEsGLwUdsZCNW9YFMkBS4OeAARL-NW11q7z8rd86eXNg3KeyfmvGkN9g0I8LPvm-WZVKlvCziN9cTLoRhhkXv1W&__tn__=EEHH-R","https://scontent-sin6-2.xx.fbcdn.net/v/t1.0-0/p526x296/81802845_2193548234286320_7944166609571020800_o.jpg?_nc_cat=110&_nc_oc=AQl7KNHjz9HdhhJQinl9pJSq0dcWIyvtQmC-WP2YsWB-fAVM57WhJqE7lBegQg-buGE&_nc_ht=scontent-sin6-2.xx&_nc_tp=1002&oh=805cb80e5c4ab4be5e5c7ac352e53ab9&oe=5E989EF8",undefined,"",""
"https://www.facebook.com/cowbayfit/posts/2188783881429422","1578401864","#靠北健身界27286

 台灣人才輩出 我們隨便派一個第二名就可以拿pro卡了，我們的第一名應該明年就可以比奧賽了。

 Submitted: November 20, 2019 5:15:31 PM CST",1579256794,undefined,undefined,undefined,undefined,undefined
"https://www.facebook.com/cowbayfit/posts/2193556954285448","[Error]: TypeError: Cannot read property 'attribs' of undefined","",1579256794,undefined,undefined,undefined,undefined,undefined
"https://www.facebook.com/cowbayfit/posts/2193556554285488","1578835485","#靠北健身界27332

 
我是蔬菜公司的員工，我在公司後勤內部受到嚴重的主管言語霸凌。主管無法控制自己情緒，讓我受到快的憂鬱症。建議公司延續下對上的評比，而做為主管考核(不然主管只是一昧對上欺騙，完全不知領導力是有問題的）
😡

 Submitted: November 24, 2019 9:17:06 AM CST",1579256794,undefined,undefined,undefined,undefined,undefined
"https://www.facebook.com/cowbayfit/posts/2193548814286262:0","1578834972","#靠北健身界27298

 新秀？ 你不是跟我買科學套餐的不給你冠軍
形體？就說你不是買我套餐不給你售後服務啦！

 結果你自己去日本拿卡，我們臉要擺哪？

 以後怎麼賣科學？

 Submitted: November 16, 2019 8:20:28 PM CST",1579256794,"/cowbayfit/photos/a.1494422597532224/2193548814286262/?type=3&eid=ARCzRfiz0QZeG7pai6oaNnbDtpxIfg6YuTS_t5WJCqecyvWc7R4LvS6LzY0efhfm-LCTK72gtannonqd&__xts__%5B0%5D=68.ARANy0ZzQ1Us7LVnhvvOgdo1ugy5QZd7fxHkPtRKJYwvotfHmo0IXGvAvIFFyp7efWyz5TUILxbYHQJTYRa4SeDEmbwJVAjeZZbyIVMWbOabiSmfN0j_5svnd2afMSlKBx_R6_EIJ0CanXUj1f8Gkj1JuiaLD0Dpi1FzbuGq9gnJRJFfW6n2RA8GXhPaviQA5FzrtNVid7F90Q2HDbWUCb0-p1v1es4aS0SdGkqE35i7xDxJT0cWquP-ZvtRVpWQsNzJIh1-A5qT6WSdJcNSknhq31tJvQTrvAus1Ty8S0ZU_Qyq6tpOF7vEkHYVwQGiwV5lHIOPzgaJL2Qr3AW6ols0kfkV&__tn__=EEHH-R","https://scontent.fhan5-1.fna.fbcdn.net/v/t1.0-0/p180x540/81925233_2193548817619595_3839979523181379584_n.jpg?_nc_cat=109&_nc_ohc=Eay8vYUcvwgAX8UhhX3&_nc_ht=scontent.fhan5-1.fna&_nc_tp=1002&oh=7d4c571fe503d66c9c664d33d205b319&oe=5EA54D2A",undefined,"",""
"https://www.facebook.com/cowbayfit/posts/2193552704285873","[Error]: TypeError: Cannot read property 'attribs' of undefined","",1579256794,undefined,undefined,undefined,undefined,undefined
"https://www.facebook.com/cowbayfit/posts/2193547920953018","[Error]: TypeError: Cannot read property 'attribs' of undefined","",1579256795,undefined,undefined,undefined,undefined,undefined
"https://www.facebook.com/cowbayfit/posts/2193552364285907","1578835234","#靠北健身界27312

 想靠北大安區某健身房常有個肥女佔者器材在自拍
後來聽朋友得知他是一個網紅
拜託你拍完後器材請回歸原位
也請健身房許多肥宅不要看到ig是大胸就追蹤
你是不曉得現在的肥女網紅的專長就是修圖嗎？

 Submitted: November 21, 2019 9:13:29 PM CST",1579256796,undefined,undefined,undefined,undefined,undefined
"https://www.facebook.com/cowbayfit/posts/2193557187618758","1578835534","#靠北健身界27334

 怎麼找一個人矮腿短，臉像用如新產品失敗的會員來攻擊我挺著肚子甩壺鈴 
這樣很沒有有氧老師的品格耶 
各位壺鈴高手， 你們來評評理啊 
有肚子不能甩壺鈴嗎
只靠尖叫熱舞，吃TR90，燃脂丸嗎
不吃TR90就要被你們修理有肥肚嗎
我是一個月只賺2萬的保險員吃不起TR90啦 
不要再修理我的身材了

 Submitted: November 25, 2019 5:02:52 AM CST",1579256796,undefined,undefined,undefined,undefined,undefined
"https://www.facebook.com/cowbayfit/posts/2193551744285969","1578835181","#靠北健身界27310

 教練幹嘛都裝單身什麼意思碼！

 Submitted: November 21, 2019 8:38:17 PM CST",1579256797,undefined,undefined,undefined,undefined,undefined
"https://www.facebook.com/cowbayfit/posts/2193554967618980","1578835406","#靠北健身界27325

 Death Stranding 死亡擱淺主角
天天農夫走路
天天扛龍架

 Submitted: November 23, 2019 1:32:32 PM CST",1579256798,undefined,undefined,undefined,undefined,undefined
"https://www.facebook.com/cowbayfit/posts/2193552924285851","1578835281","#靠北健身界27315

 上次看到有個人留言說叫網紅不要在健身房穿這麼露
結果一堆人罵匿名的人是老太婆什麼的

 但身為一個男性來說我也覺得穿的太露不是很好，畢竟這是台灣風俗不同
如果你硬要穿這麼露，那你能接受我勃起嗎?
你能接受的話那我也能接受

 Submitted: November 22, 2019 12:02:18 AM CST",1579256798,undefined,undefined,undefined,undefined,undefined
"https://www.facebook.com/cowbayfit/posts/2193551227619354","1578835136","#靠北健身界27307

 「高雄健身工廠草衙廠某位光頭教練」
「教練區照片上面有條繩索掛在脖子」
此教練會到處嘲笑攻擊會員身材
故意說的很大聲讓被攻擊會員聽到
還會在他教課時攻擊別人身材太油，脂肪太多。
或說些酸言酸語
此教練攻擊行為不止一次！
讓人忍無可忍！
難道沒有和他買課
就必須被他嘲笑身材？

 請上市公司高層老闆
注意此教練品行
繳會費的會員來健身工廠運動
還要被你們的員工攻擊嘲笑批評。
這種行為會間接影響公司商譽。

 最後在此感謝健身工廠提供良好運動環境。

 Submitted: November 21, 2019 12:15:38 AM CST",1579256799,undefined,undefined,undefined,undefined,undefined
"https://www.facebook.com/cowbayfit/posts/2193555850952225","[Error]: TypeError: Cannot read property 'attribs' of undefined","",1579256799,undefined,undefined,undefined,undefined,undefined
"https://www.facebook.com/cowbayfit/posts/2188783958096081","1578401869","#靠北健身界27288

 可以拜託各大健身房音樂可以不要放BTS的嗎

 Submitted: November 20, 2019 7:12:24 PM CST",1579256799,undefined,undefined,undefined,undefined,undefined
"https://www.facebook.com/cowbayfit/posts/2193549934286150","1578835031","#靠北健身界27300

 阿國，好了啦！不要再亂入了啦
社團看別人發問、心得分享你也要沾光
來這看靠北你也在亂入
練的算有成績沒錯，但你需要靠亂入爭取曝光度這個問題有沒有想過
和別人是差在哪啊？
我想你名字應該給你不少線索了
好了啦！不要再亂入了啦！真的比劉x屌就去比
人家也大方承認用藥，你在這邊酸甚麼？
業餘比賽你都還沒沒無聞了，酸甚麼拿 pro卡的？
最後再說一次，不要再亂入了啦！

 Submitted: November 18, 2019 10:22:06 PM CST",1579256800,undefined,undefined,undefined,undefined,undefined
"https://www.facebook.com/cowbayfit/posts/2193554824285661","1578835396","#靠北健身界27324

 我是賣早餐的！旁邊開一家健身房.
非常討厭健身房的人在尖峰時段
點了荷包蛋不要蛋黃！ㄧ點蛋黃都不行
有蛋黃就要換！點荷包蛋不要蛋黃的都是健身房的人
真的很機掰！

 Submitted: November 22, 2019 8:29:07 PM CST",1579256800,undefined,undefined,undefined,undefined,undefined
"https://www.facebook.com/cowbayfit/posts/2188783664762777","1578401848","#靠北健身界27284

 
WNBF的職業選手為什麼能參加國內IFBB體系的業餘賽事？照理說職業選手簽了合約不應該能參加跨聯盟的比賽，請WNBF台灣與中華民國健美協會出來說明一下！好幾位選手皆是如此！

 Submitted: November 20, 2019 2:00:11 PM CST",1579256800,undefined,undefined,undefined,undefined,undefined
"https://www.facebook.com/cowbayfit/posts/2188784938095983","[Error]: TypeError: Cannot read property 'attribs' of undefined","",1579256800,undefined,undefined,undefined,undefined,undefined
"https://www.facebook.com/cowbayfit/posts/2193551107619366","1578835126","#靠北健身界27306

 我要靠北一中蔬菜的櫃檯人員
今天進去拿卡給一個胖胖梳油頭的男生
結果跟他説不用毛巾他遞卡給我的時候頭低低完全不看我
又臭臉 我覺得很不受尊重
然後一直抓頭髮又給人毛巾很髒欸
麻煩請主管處理一下

 Submitted: November 20, 2019 9:51:09 PM CST",1579256800,undefined,undefined,undefined,undefined,undefined
"https://www.facebook.com/cowbayfit/posts/2193550710952739","[Error]: TypeError: Cannot read property 'attribs' of undefined","",1579256800,undefined,undefined,undefined,undefined,undefined
"https://www.facebook.com/cowbayfit/posts/2193549657619511","[Error]: TypeError: Cannot read property 'attribs' of undefined","",1579256800,undefined,undefined,undefined,undefined,undefined
"https://www.facebook.com/cowbayfit/posts/2193555430952267:0","1578835434","#靠北健身界27326

 版主求你幫幫我朋友 他快被這間健身房老闆、教練搞瘋
11/20阿寶放任自家狗亂跑 害我朋友撞到，後面就是交給保險理賠 誰知阿寶貪心 獅子大開口要求高額理賠金 
不然就要偕同健身房員工、會員路過他家
阿寶自己晚上不牽繩放任狗亂跑 還怪我朋友
我朋友真的沒辦法了 目前已報警處理
請你幫幫她公布這惡劣健身房 教練

 Submitted: November 23, 2019 2:10:17 PM CST",1579256801,"/cowbayfit/photos/a.1494422597532224/2193555430952267/?type=3&eid=ARAzyfQ-luoKiWeZDLp9HGHwE4w5kV8euXcrxN__0n23IPg8kAii_0-IbKabkQkdC-kX64t-Dsyc18UJ&__xts__%5B0%5D=68.ARAjMH1xWi-GB5krGiQFnSOqkG4scP0183WQFfg9osK_fd6UoHg5hpVi_5HPeumaJysQ06595RDxiGFDsZQ1qW-u5tnBrNW9mO7EqeYCCXUSpFh7P4DKjQh_pt75ZEEhyhDYSMk8-PGk5ACECVIzNC-timMdCJ46Fs3CNmJRdFM6Ylz5wkSENJMsTM4zAFSGSLAc99cxu8TTVVJN1EVodaJzNgMU0q3tDx4Ue7e9dIbkdpW4b3ALlymlK9FdkRg3-62zDELOdpICdxwCIJZ12-HHs3AOghqAXzpW61lRfTRw0QLnkDZSqQ6uA4f3oyEkmBrDddRpSEQS9-1eImpfxwrRrS44&__tn__=EEHH-R","https://scontent-sin2-1.xx.fbcdn.net/v/t1.0-0/p526x296/81688024_2193555434285600_7003268068201725952_o.jpg?_nc_cat=109&_nc_ohc=8f4f7voseSIAX-82LoG&_nc_ht=scontent-sin2-1.xx&_nc_tp=1002&oh=82ada4b566282bf1dbf95d3e6cde9233&oe=5ED92B36",undefined,"",""
"https://www.facebook.com/cowbayfit/posts/2193553250952485","1578835303","#靠北健身界27318

 如果沒有3cc你到現在還是個廢咖，滾回家吃蒸蛋

 Submitted: November 22, 2019 8:30:47 AM CST",1579256801,undefined,undefined,undefined,undefined,undefined
"https://www.facebook.com/cowbayfit/posts/2193554724285671","1578835389","#靠北健身界27323

 事實好殘忍，我們的健體第一人被劉翔巴假的
人家剛拿卡去比就第八
結果養肉養這麼久的人卻直接拜拜

 看來劉翔被台灣某協會壓太久了
那些人真糟糕

 Submitted: November 22, 2019 3:58:27 PM CST",1579256801,undefined,undefined,undefined,undefined,undefined
"https://www.facebook.com/cowbayfit/posts/2193553144285829","1578835297","#靠北健身界27317

 以前當泡芙人的時候 開始無氧有氧都做 
成功瘦下來以後 由於小腹照鏡子依然很不滿意
繼續減脂 發現有氧的時候心跳都跳不太上去了
以前胖的時候可以150下 現在130都有點小問題
（因為我有抽菸朋友跟我說要140下 
我不知道他有沒有騙我啦）
戴apple watch 每天重訓一小 半小有氧 
看著紀錄一天一天消耗的熱量比以前少很多
怎麼辦 我退步了嗎？

 Submitted: November 22, 2019 3:48:41 AM CST",1579256801,undefined,undefined,undefined,undefined,undefined
"https://www.facebook.com/cowbayfit/posts/2193548590952951:0","[Error]: TypeError: Cannot read property 'attribs' of undefined","",1579256801,undefined,undefined,undefined,undefined,undefined
"https://www.facebook.com/cowbayfit/posts/2188784054762738","1578401874","#靠北健身界27289

 蔬菜板橋中山店
你們的停車場，才停幾台摩托車，為什麼不能停腳踏車？明明空位那麼多，離捷運站又那麼遠，騎ubike過去，說規定不準停停車場，也不為難管理員，蔬菜不能方便一下嗎？

 Submitted: November 20, 2019 7:38:36 PM CST",1579256801,undefined,undefined,undefined,undefined,undefined
"https://www.facebook.com/cowbayfit/posts/2193550457619431:0","[Error]: TypeError: Cannot read property 'attribs' of undefined","",1579256802,undefined,undefined,undefined,undefined,undefined
"https://www.facebook.com/cowbayfit/posts/2188785058095971","1578401944","#靠北健身界27294

 我想靠北的是我第一次去上團體課程對運動一切陌生的我
要我用ＴＲＸ做核心真的是累死我了，旁邊的胖胖的女生一下子就起來了
靠我肚子完全沒力啊為什麼完全起不來我的教練就說我肚子沒力
北七喔！起不來當然沒力啊，我以為自己的身體很
（輕啊為什麼都起不來（我50而已）後來教練才貼心的提醒我要
（適量的附加重量才能很快的進步，後來我也就繼續在他們加上團體課程了
（能力好的教練真的很重要呢～但是這家健身房可以先把你們的器材升級嗎？
（無器材真的很難上的團課真的都好無趣喔（是我太挑嗎？
（家裡做這些動作跟在這邊付錢做到底差在哪裡？
（輪站式的訓練方式是我們教練新想出來的課程好像很好玩～希望～
（不要又在那邊做一些徒手的動作了～最近
（發現家裡附近有一家新的健身房叫做健身魂好像很優 有大大可以給我建議嗎？
（心裡想到最近我喜歡上課的教練跟我講他要離職了ＱＱ 我好難過 想當初他上課的時候都會很貼心的提醒我要喝
（水 嗚嗚嗚

 Submitted: November 21, 2019 2:33:11 PM CST",1579256802,undefined,undefined,undefined,undefined,undefined
"https://www.facebook.com/cowbayfit/posts/2193550970952713:0","1578835119","#靠北健身界27305

 想要請問各位前輩，巨巨

 我是在好市多購買ON的分離是乳清蛋白
我發現在包裝上有標示:每份乳清蛋白含量 30g(如圖)
網路上的賣的ON: 每份乳清蛋白含量 22g
想請問這兩者的差別.....
是指乳清濃度不同嗎?
同樣的量 ,但是30g的比較多蛋白質嗎?

 另外可以在介紹高CP質的分離是乳清蛋白給我嗎
非常感謝!

 Submitted: November 20, 2019 3:05:31 PM CST",1579256803,"/cowbayfit/photos/a.1494422597532224/2193550970952713/?type=3&eid=ARBxQf_FvutC27wUXLbHHEhWZU3RtW2DaRIxli5_oiY4efnYuz0H3dN0g0fr0DmaD_PqqyTlllOS5pEl&__xts__%5B0%5D=68.ARAnkSVFQ1zMYJ0bkKvbzW4x6ZJZ5IMl6TU5jedQOQUmfRYwkzBkwnh3GqUPFDw9hw7-aHJ9oRRh7k6573TqFC6YvEK6moTG6FbGnNc2Ognfs6oMJDiCs2z_zOruvEtVI4R9oZ-f1BCWDey1G7KO13OfmD6eUnf32Ei54SC5qj7q4UuUWeUF0tIScmHh-2ldGcI8Q5GnJ4oN9EsoJF4PwplZSGV-jPfVKR-kyMeGylvQdFEJzV1mB68vn2y4Yr-8LrsfGwklCnP9juLy9WMUhNx_k2mkvM0Ag6Eb-NHJ-FDYxCwwJS9iYlZ3g7d0B_KzuwsEfDNyoTWnf4b-JcPiifH8xso2&__tn__=EHH-R","https://scontent.fnak2-1.fna.fbcdn.net/v/t1.0-9/81789908_2193550974286046_8199463477144715264_n.jpg?_nc_cat=110&_nc_ohc=fo_EBjCR1boAX--Xenn&_nc_ht=scontent.fnak2-1.fna&oh=b9460593c729dbc398af443c9b025cd0&oe=5EDC0B8B",undefined,"",""
"https://www.facebook.com/cowbayfit/posts/2193550590952751","1578835086","#靠北健身界27303

 在風很大的城市裡那間號稱全台最大健身房的管理師

 我很懷疑你到底有沒有腦？？？

 你叫大家測試新系統，跟大家薪資有關

 早上發的文，限時晚上十二點以前大家要去健身房測試系統

 請問

 你以為，每位老師都靠這個健身房吃飯。都隨時有空可以去做你所要求的事？

 我只想說。。再繼續這樣以為大家的生活都繞著你所屬的公司轉，你也太有自信

 沒空去填寫資料，進入你們所謂蠢斃的系統，你拿什麼要求大家要在規定時間去做這件事？

 Submitted: November 19, 2019 8:59:15 PM CST",1579256803,undefined,undefined,undefined,undefined,undefined
"https://www.facebook.com/cowbayfit/posts/2193551500952660","1578835160","#靠北健身界27308

 
大家不要再被台南某RXXg^2水煮健身輕食騙了，想要減肥誠心建議千萬不要去那家，他會用一堆話術和給你看他的會員的不健康瘦的照片，想盡辦法叫你簽合約買飲食菜單兩三萬就這樣不見了(而且他的菜單遠低於一個正常人的TDEE
180/80kg開的爛菜單如下）簽約前回訊息回很勤，簽約後愛理不理的。

 以下只是一部分菜單
Rxxg輕食-零脂雞胸(200G)2份/雞蛋4份/雞蛋白1份/香蕉(M)3份
Rxxg輕食-零脂雞胸(200G)2份/植物の優原味1份/雞蛋3份/香蕉(M)2份
Rxxg輕食-零脂雞胸(200G)2份/植物の優原味1份/711超商-鮪魚飯糰1份/香蕉(L)1份/香蕉(M)1份
Rxxg輕食-零脂雞胸(200G)2份/植物の優原味1份/711超商-握便當經典奮起湖1份

 ►每日飲水量建議>4000CC
►飢餓時建議額外補充蔬菜/蔬菜火鍋
(EX.所有葉菜類+菇類/禁止豆類)
►飢餓時建議額外補充無糖/零熱量飲料
(EX.無糖飲料/黑咖啡/零卡可樂)
►飢餓時建議不可額外補充豆奶類飲料
(EX.無糖奶茶/無糖豆漿)
►聚餐建議僅限每週1次/每月4次
►調味料(粉粒/顆粒類)建議都能自行添加
►調味料(醬油/醋)建議都能自行添加

 大家要報名前千萬要三思⋯⋯

 Submitted: November 21, 2019 5:07:45 PM CST",1579256804,undefined,undefined,undefined,undefined,undefined
"https://www.facebook.com/cowbayfit/posts/2188784354762708","1578401898","#靠北健身界27291

 我要靠北 奧美伽健身會館 員林館
他媽加了一年多會員 館場越來越爛
好的員工全都走了 裡面幹部都騙吃拐幹的
強烈建議 包一包回家 不然換人經營
以往每月1380使用費 老會員續約 還要再續兩年才有1380
續一年1680？
支持你們老顧客這樣對待的
是要趕在健工在員林開之前撈一撈？

 Submitted: November 20, 2019 11:42:43 PM CST",1579256804,undefined,undefined,undefined,undefined,undefined
"https://www.facebook.com/cowbayfit/posts/2193553004285843","1578835288","#靠北健身界27316

 蔬菜松仁店客服櫃台真的要稽查一下好嗎?
一堆打打鬧鬧的店員
連說個健身愉快都不確實.......是要做什麼工作啦?

 Submitted: November 22, 2019 12:03:21 AM CST",1579256805,undefined,undefined,undefined,undefined,undefined
"https://www.facebook.com/cowbayfit/posts/2193551630952647","1578835170","#靠北健身界27309

 有個雜魚很沒禮貌
一臉臭臉問還要用嗎
說 啊我看你都沒在用啊
乾零北喜歡做大重量但休息久一點咩

 我還是很有禮貌笑笑的跟他說
還是我們一起用好嗎
乾還回我說我都可以啊
我做40公斤12下一組
這廢物練一下都起不來
看他手細細的就知道是個廢物
二頭彎舉兩隻手加起來27公斤就在那邊給我結屎面
長得一臉機掰又沒肉還不會做人
建議你還是退費回家玩你的老二吧

 Submitted: November 21, 2019 7:41:49 PM CST",1579256805,undefined,undefined,undefined,undefined,undefined
"https://www.facebook.com/cowbayfit/posts/2193550160952794","[Error]: TypeError: Cannot read property 'attribs' of undefined","",1579256807,undefined,undefined,undefined,undefined,undefined
"https://www.facebook.com/cowbayfit/posts/2188784284762715","1578401893","#靠北健身界27290

 嘉義健工擴廠iparty
食物其實不夠吃
很多會員都沒吃到
還看到有女會員，屁股很大的那位
居然拿了一堆食物
還放進自己的袋子裡打包回家
就是有妳們這種貪小便宜的人

 Submitted: November 20, 2019 11:26:33 PM CST",1579256810,undefined,undefined,undefined,undefined,undefined
