url,posttime,text,crawled_time,attachment_link,attachment_img,attachment_img_alt,attachment_title,attachment_brief
"https://www.facebook.com/vivianhsu0319/posts/2354273664822354","1571213481","[10/17/2018, 18:09] Simon Yap Kook Foon: There are 9 levels of Chanting
Meditations.
AQ = Behavioral Chanting = Focus on chanting, not do evil, is precepts. Chanting
with vegetarians.
CQ = Visual Chanting = Focus on chanting, illusions not arise, is meditations.
Chanting with meditations.
IQ = Contemplative Chanting = Focus on chanting, giving up all the attachments,
is offerings. Chanting with merits.
EQ = Heart Chanting = Focus on chanting, not hatred and violent, is tolerances.
Chanting with 6 paramitas.
SQ = Sensible Chanting = Focus on chanting, forever not retreat, is efforts.
Chanting with 4 Jhanas and 8 Samadhis.
OQ = Faithful Chanting = Focus on chanting, faithful vow and effort, is small
prajna. Chanting with Tipitaka.
Soul = Righteous Chanting = Focus on chanting, righteous mind clarity, is big
prajna. Chanting with Prajna.
Origin = Pure Chanting = Focus on chanting, innocent heart and sensing is pure,
is Bodhicitta. Chanting with Bodhicitta.
Tathagata = Enlighten Chanting = Focus on chanting, righteous equality and
righteous awakening, is Tathagata. Chanting with Tathagata.

 九个层次的念佛观。
AQ = 身念 = 用身体念佛 = 一心念佛，不作恶业，就是持戒。念佛斋戒。
CQ = 观念 = 用观照念佛 = 一心念佛，妄念不起，就是禅定。念佛观照。
IQ = 思念 = 用沉思念佛 = 一心念佛，万缘俱舍，就是布施。念佛功德。
EQ = 心念 = 用内心念佛 = 一心念佛，不嗔不暴，就是忍辱。念佛六波罗密。
SQ = 意念 = 用意识念佛 = 一心念佛，永不退堕，就是精进。念佛四禅八定。
OQ = 信念 = 用信念念佛 = 一心念佛，信愿力行，就是小般若。念佛三昧。
神识 = 正念 = 用般若念佛 = 一心念佛，正念分明，就是大般若。念佛般若。
原始点 = 纯念 = 用菩提心念佛 = 一心念佛，心真念纯，就是菩提心。念佛菩提心。
如来 = 觉念 = 用如来念佛= 一心念佛，正等正觉，就是如来。念佛如来。
[10/17/2018, 18:09] Simon Yap Kook Foon: There are 9 levels of Breathing
Meditations.九个次第的呼吸观。
AQ = 数息 = Numeration of breathing.
CQ = 随息 = Followance of breathing.
IQ = 止息 = Cessation of breathing.
EQ = 观息 = Visualization of breathing.
SQ = 还息 = Return of breathing.
OQ = 净息 = Purification of breathing.
神识 = 全息 = Overall of breathing.
原始点 = 休息 = Termination of breathing.
如来 = 开息 = Commencement of breathing.

 AQ = 数息 = 用念佛来控制数算入息和出息。
CQ = 随息 = 呼吸由粗的外呼吸转化成细的外呼吸。
IQ = 止息 = 外呼吸停止了，剩下的是内呼吸。
EQ = 观息 = 进入四禅八定，入定，粗的内呼吸升华为细的内呼吸，直到停止内呼吸。
SQ = 还息 = 出离四禅八定，出定，由停止内呼吸开始，又回到细的内呼吸，再回复到粗的内呼吸。
OQ = 净息 = 所有的内呼吸和外呼吸获得恢复，外呼吸的身和内呼吸的心获得平衡和净化，由内到外，由外到内，身，心，灵都获得净化。
神识 = 全息 = 所有细胞都获得激活，每个细胞都在呼吸，所有坏死细胞和癌细胞都被转化成正常细胞。
原始点 = 休息 = 所有细胞都获得充分休息。
如来 = 开息 = 所有细胞都被解电后重新充电。

 AQ = Numeration of breathing = Using the chanting to control and numerate
breathing in and breathing out.
CQ = Followance of breathing = Breathing from rough external breathing has been
transformed into soft external breathing.
IQ = Cessation of breathing = External breathing stop, only residual internal
breathing.
EQ = Visualization of breathing = Enter 4 Jhanas and 8 samadhi, enter
meditation, rough internal breathing upgraded into soft internal breathing,
until stop internal breathing.
SQ = Return of breathing = Exit 4 Jhanas and 8 samadhi, exit meditation,
starting from stop internal breathing, recover soft internal breathing and
return to rough internal breathing.
OQ = Purification of breathing = All the internal and external breathing are
recovered, external breathing which is mind has been balanced and purified,
internal breathing which is body has been balanced and purified, from internal
to external, from external to internal, all our mind, body and soul are
purified.
Soul = Overall of breathing = All the cells are vitalized, all the cells are
breathing, all the deteriorated cells, died cells and cancer cells are
transformed into normal cells.
Origin = Termination of breathing = All the cells are given sufficient time for
rest. 
Tathagata = Commencement of breathing = All the cells are discharged and charged
back.","1571722327","https://l.facebook.com/l.php?u=https%3A%2F%2Fwww.simonyapkookfoon.blogspot.com%2F&h=AT2Qqiaz_VbEfuz7xFg-irnm79hGy9UwzRlI-r1coO-nsIPNk8TIXrRQLc7ucDibQhYKiB6NDuvnLhDqXVmF0tuqeuiDQ3IWpOT5lbCIFKBNfVlR8LxhHyL8NJTDxqiJsnS7xQJZsJ-w2DunWkq4CBgFJBVqcwohcoJhGzfQ_0r0Ng","https://external-sin6-1.xx.fbcdn.net/safe_image.php?d=AQAI1lHgz8N_fHlP&w=540&h=282&url=http%3A%2F%2F1.bp.blogspot.com%2F-ykgpTzLwr6M%2FUrp4P3-1JVI%2FAAAAAAAAAMw%2FIXfDggphDZk%2Fs1600%2FMedicine%252BBuddha.jpg&cfs=1&upscale=1&fallback=news_d_placeholder_publisher&_nc_hash=AQDnITeL6LSHaZtQ","Medicine Buddha","Medicine Buddha, Manjushri Bodhisattva : Newest Engineering Discovery in Buddhism","There are 9 vehicles of faiths, 5 vehicles + 3 vehicles + 1 vehicle. 5 vehicles are 5 nervous circulations of SQ,EQ,IQ,CQ,AQ, Soul, Emotional, Intelligence, Creative, Adversity Quotient, Zen, Institution, Rule, Regulation, Restriction. 3 vehicles are 3 natural self-turnings and circulations of Nirva..."
"https://www.facebook.com/vivianhsu0319/posts/2353324658250588","1571112731","第一次可以在火鍋店裡優雅的待這麼久！吃完身上也沒有火鍋味，姊昨天從中午吃到傍晚🤣
除了真材實料超好吃以外、環境舒適、燈光美氣氛佳、還有美麗的戶外可悠閒悠閒、重點是還有小童遊戲區，可讓家長們好好吃頓飯。享受養顏美容鍋補充膠原蛋白外還能同時享受我最愛的麻辣鍋，非常值得
👍非一般火鍋體驗啊！

 台北市信義區松壽路12號7F att4fun

 #豆皮必點芋頭必點 #慶生Surprise專屬甜點 #驚喜十月美滋鍋玫瑰粉紅熊限定電話預約的壽星才能獲得唷 #美美吃鍋美滋鍋 #膠原蛋白美人鍋 
#吃飽飽也拍美美 #非一般火鍋體驗 #樂天餐飲集團 #火鍋 #相機食先 #吃貨 #新加坡 #collagenhotpot #beautyinthepot 
#hotpot #Jordan Air Latitude 720 Red","1571722327","/vivianhsu0319/photos/pcb.2353324658250588/2353324101583977/?type=3&__tn__=HH-R&eid=ARBEhyCEpztf3Tjw2XUyTaQtfa53TFV6ipBdy8e3NZiaJrmegMCrx_olv2RSui0LKN-mbVggu9EovUc1&__xts__%5B0%5D=68.ARCTeAw26S2xshBliGRCT8O6Y0NyoLaGv4EqcQUip4ls5vKjR4hc1ifhbEWKe1-6ScVqnNXCQjWmImGx2_wSic8NOpoauIXAmlJ81M8w6SbsArgt0ZE8xYRBQicZ6h5HQ3uiK-lTXBzz9TEMgsjUD64PBhHonGytV7NErp-1xcKFVUro1lhV6Gs_tWdxHjCelHlkojspHs77qTCLQx-zzR9qMxyoeS8IaGP-4zlLVB6JxljmA74VgCnwfwoPyXaHb3_cUAOSSDoXnKlKvgnEqnkoBHCJwVJmH9QzZ5Nqcmc9GlHYX49Q-2p_hVHHasXXnX_QMUUnKlUd7G-3v_L3IjmqqH0a","https://scontent-sin2-2.xx.fbcdn.net/v/t1.0-0/p403x403/72215584_2353324108250643_7613316796199731200_n.jpg?_nc_cat=107&_nc_oc=AQlQLjhPetMeweiHmI-UWspEBZDvJPhuGuckKxt5ytuIkEW4DWMM1dInxQrwCjhbSTs&_nc_ht=scontent-sin2-2.xx&oh=1ac5b337155b20b9f0dfb60200059963&oe=5E256701","undefined","5",""
"https://www.facebook.com/vivianhsu0319/posts/2287214318194956","1563002027","來！往上旋轉，就是那樣開沒錯！#offwhite #offwhitetaipei","1571722327","/vivianhsu0319/photos/pcb.2287214318194956/2287214201528301/?type=3&__tn__=HH-R&eid=ARCWB58Z55-k5i7_hRIAuFAeYUd2jMC0boWorr0zg2s8EFXt5_41k1hLukz32wUHsnRvNeG07ucFulyi&__xts__%5B0%5D=68.ARDf4lX4DnPGOG10QxZjZqu7FjZkVzo2djOEjDUzV6j3GoRjbXs50qhxTv5N1CWsKK7nKrno0r9fj79YIIzJKupmRFl4LO8uMmY1r7b6hs6gEkPJayyebqTEbNeLZSGN3HHmltm5rXNZ3VLbmi-11HFGG9M8ySUuYnfwrVzJJyCTxXEnpaNvjFBbxKMr6WYAHQgbBXLkETgFFry6Ihu0L9CqqZ4tY2Y2OZ8o7mJClek4_oaUBs41Yqmo1kEIqrzUn8cpHNvYtFxIMaHhEARklVXPndfSeU90SjDxT43knpFXeztiCntqP9YxJKMyUxZXQ-9_YqzyJqHgSAuPhFVWjdm9_fqq","https://scontent-nrt1-1.xx.fbcdn.net/v/t1.0-0/p180x540/66639185_2287214208194967_2405127358718672896_n.jpg?_nc_cat=108&_nc_oc=AQmSS6WzE9DnC3o8YD5IhDYfSPzhOsHlGIrWqaes_EKT4EV6NBdcTWBYPnt0JnMSykY&_nc_ht=scontent-nrt1-1.xx&oh=d0f22979ff3f74ba4a1f9a8f94ed1cb9&oe=5E24532C","undefined","",""
"https://www.facebook.com/vivianhsu0319/posts/2247175495532172","1557984530","上週難得去香港，姊妹開的可愛童裝店Nanos是必須去的！Dalton的小坤士服購入😍很適合穿這個來去參加叔公婚禮，帥爆 @nanoshongkong
@nanosinhongkong #Gigi梁詠琪 www.nanos.hk 地址:銅鑼灣利園二期215店 @gigileungwingkei","1571722327","/vivianhsu0319/photos/pcb.2247175495532172/2247175205532201/?type=3&__tn__=HH-R&eid=ARBAerTdfRycLqPDRD0ZmB0tNJBwrTHjmknSW-SkvVQzGrISQJNlmOnaumn_RKE1T97wYkbbYJdUWb7u&__xts__%5B0%5D=68.ARCCNfECfSW7vsFw8PzDTWIOmWwPlkbCVQ1rHGjrQ1RyE52q7XxAbBVXvc9YbZzIcEI4rr_PGVJzLCP18RFo7cd4REI_83tVXA1xr4e-MP5e7hWm3C2umeCb8pso3R4hufHv_IXKaazpSyw950ILczDXJ9oGhTe5eZrGJauJZnIdd6gFWLvY8ObLk26K4VqXTZZihmLQaByXdpcMgFUfdeeE1GRv_-MnFenYvT7MI6laXKw_CVZOWHAvRouKNasRptR49QPvMpoUyQHIwqhr7D3EdipSzL6O7NJ4gQRxzeyJlDT-ccpiSbc9vGbbPwCsGao6BuYz9v1gOFwzfDrt2GhTf891","https://scontent.fhan2-2.fna.fbcdn.net/v/t1.0-0/p403x403/60838208_2247175212198867_2636911767132831744_n.jpg?_nc_cat=111&_nc_oc=AQn5hLxTC-EsHsaZZi1VqT8Gyi-iaYThhnMXH9qZp92RSZG4jYifVRg6QMbzIZN-FAc&_nc_ht=scontent.fhan2-2.fna&oh=2b5afd3064736ac54aa2694bb70879c7&oe=5E5D718E","undefined","",""
"https://www.facebook.com/vivianhsu0319/posts/2352667114983009","[Error]: TypeError: Cannot read property 'attribs' of undefined","","1571722327","undefined","undefined","undefined","undefined","undefined"
"https://www.facebook.com/vivianhsu0319/posts/2327791247470596","1568262329","通通吃掉喔！謝謝🌹～中秋節我們吃月餅 #中秋節快樂
I’m gonna eat them all ! Thank U🌹~We eat mooncakes on mid autumn festival 
#HappyMidAutumn
全部食べちゃうよ！ありがとう〜🌹中秋節には月餅を食べるんだ #中秋節おめでとう","1571722328","/vivianhsu0319/photos/pcb.2327791247470596/2327790724137315/?type=3&__tn__=HH-R&eid=ARC9aAsawDIeDKpuN7X3mxTGqhXlg5oaWNVoMeF8bY0a_Qrq9RN-sUFZGEDwXW_ULfphRlWuwjxW_Yca&__xts__%5B0%5D=68.ARAk5BPslPFpDpRCakpRItzfPUCo_a5s-H8DxgOu_ySx-f8pSd0Qt_rnUMJXMNw8n7obNeuWLdEy_VbaVCWAyXu2J5FKytl5O2PezLheibCDZHAsrBzb-s9rdIZpjuFXkc213vL7E9DgcsS78AStqjpTbPbuWeaNYsCcIctNtm8dGtSBLwp5CIJTvCXhmkK8ypWBb41A6h-BlxR8NGx1CQc6227KYC34vpjndeg-OwZC2CMmBhEKvuik2zV-NpGlRIGTua_75qZsqiclvIYcIEIG79Z3v-2APl3m6Au727I_LoDdtvingVANWPwChi8AAQzl6fEB7aNLk3bv980_MssSmjI0","https://scontent-syd2-1.xx.fbcdn.net/v/t1.0-0/s261x260/69846902_2327790727470648_8338000241437442048_n.jpg?_nc_cat=109&_nc_oc=AQlk0pISkrleJndtwE-jsOeBEZChjHWYybuRl4aoDnWkCKKa6VnOxZDCxe-WGQWtsSc&_nc_ht=scontent-syd2-1.xx&oh=4de32194796e760065f5bc0495854dd4&oe=5E2AA983","undefined","7",""
"https://www.facebook.com/vivianhsu0319/posts/2337459706503750","1569387444","樂觀省事、悲觀生事～心簡單，別人也複雜不起來～今天你有記得笑了嗎？😁 #每天不要忘記笑 #今天的霧霾不嚴重終於見到馬來西亞海島的藍天白雲了 
Life is simple, when you are optimistic
Life is complicated when you are pessimistic. Did you remember to put a smile
today? 😁 # Don't forget to smile every day
楽観的な人に事が簡単になる。悲観的な人に事が複雑になる。単純な心を持てば、他人には振り回されない～今日は笑うことを覚えてた？😁 #毎日笑顔を忘れないでね 
#今日のヘイズは少し収まったからマレーシアの青空と白雲に会えた","1571722328","/vivianhsu0319/photos/pcb.2337459706503750/2337459533170434/?type=3&__tn__=HH-R&eid=ARCNbe5QfS-DsSCkh_sLKqFKnVwcmf4n-UIQNszUNKRzrXHtXQ7xNG1Qqtcpf5xY11w-vYPBZk3P34Gn&__xts__%5B0%5D=68.ARBs7ETjvlkmBkG7XYXNzF96S8mvK81tY8oXeT5E7MsG8Se-ihy5M5_1S2Oz1GjE6rWUoeQx0jKMRvcwTvjR1AcA1QjeBt5HVPCiBny1bgnQij7gYM_578tkgZXPnjP4TUk5DeGzka1DO_vik6V0SZXLZg91BJA8kwliCexS0ZB7dRuSBeMjVoj3ixA3XeUqTuJJGxQ_8td2yViJdYRBkA8BF6SrpPwOnsFZusSThC5EPtDsJbrqFtbqpwrbAZXrUOSW681s-ZppwZHENiJiF9TaCebVEeUKFnysIKxak-3cfPIsXE9i3xZfBU-CoJ6zvpr6icIvcLPoym-pOvOtk-Wbticc","https://scontent.fbkk10-1.fna.fbcdn.net/v/t1.0-0/p417x417/70882545_2337459536503767_6004113655581376512_n.jpg?_nc_cat=103&_nc_oc=AQmOwn3qSAUbjoNtwN6ZnFHSfzX92dyPpP1pYY-XKM9xC9qws32KZq1DNa-Ir-jRSeI&_nc_ht=scontent.fbkk10-1.fna&oh=ed52bc85a35316b162a15af35fb2ca77&oe=5E2C65B5","undefined","",""
"https://www.facebook.com/vivianhsu0319/posts/2282781168638271","1562420846","志玲姊姊公益慈善義賣，就是明天了！鋼鐵李太太捐出這件收藏了五年多，婚禮派對上穿的小禮服，祝福大家都有一個幸福美滿的人生！我們都要幸福❤️ 林志玲Chiling
Lin","1571722328","/vivianhsu0319/photos/pcb.2282781168638271/2282780258638362/?type=3&__tn__=HH-R&eid=ARCeCqF-7OvVNOO_saOJC13WUA9P0DlFTDCHu2eAGogo0oxUj-QK5U1xyGZ55SADVWzGCyYpMEudTfnG&__xts__%5B0%5D=68.ARBHssoxoUhL1_vDwABmEn4YTCAftpkLjez_Y-cy7etpgjymBn2r_I_97alRfPtVryUB6eo-SoY2PkM0znNWeR6JPutNObQHNMrBaRP8D4JBd_gUPzl9l6A1By2CdXWPuXWlKxAhY5G2OwEw604p4r7xeIIFTp2MJmZ2KL0jrnupaRFmsm-lFpUXubeyXeVVhk3IJ-GtNA96F3SFKP44S4XlkZ9QDtZvSRkIMlQENPFwlY7FReDm6dg1GIZq8zE2rvEvVWhMGt3IHCt2vtsucQsZA4xRspamrOxO2_shC4sZ8L8WhBkUGaNhniOKhoVHxLEqiI-QR2zsEXaE0YsFEettYbYx","https://scontent-syd2-1.xx.fbcdn.net/v/t1.0-0/p350x350/65889528_2282780265305028_2093388126884986880_n.jpg?_nc_cat=101&_nc_oc=AQlSZniIVnFENg6fw97LO4LOord9wjF2TR0VeCWyA_WKgmJu871QF3pHiP2tdAO2UkI&_nc_ht=scontent-syd2-1.xx&oh=0bc8cb16987942a64b0f8c478d532218&oe=5E1BB803","undefined","",""
"https://www.facebook.com/vivianhsu0319/posts/2245233425726379","1557735364","孩子還很小的時候，不會懂得媽媽時常飯菜都涼了才有時間吃、煮菜被油噴傷、每天飛速上廁所洗澡、全家最晩睡、日以繼夜時常累到快口吐白沫的辛勞😅
母親節這屬於媽媽的節日，第三者的引導很重要，媽咪沒有真的愛過節日，也不需要任何禮物，只希望孩子們能借由這樣的節日，學習做一個有感恩之心的人。謝謝爸爸引導孩子用心寫卡片、謝謝學校老師帶著Dalton親手製作小別針，孩子們懂事、善解人意，就是媽咪最大的快樂
😊 女兒長大了，女兒的卡片字裏行間充滿著幽默、愛及對我這個V媽的了解，總讓我會心一笑和滿滿的感動⋯謝謝妳們也和爸爸一起愛我❤️","1571722328","/vivianhsu0319/photos/pcb.2245233425726379/2245233355726386/?type=3&__tn__=HH-R&eid=ARBgHSHqNoFOZz--vXpFPHm0F4pg1NHUqASce87PUHbLpQIwi8dW6lS563fVIJG2lR4hQF2UjPDqIEcX&__xts__%5B0%5D=68.ARDG1QrijBd8X7XxwmWMmmBz4t7DnnoZa__zWbXxf3HiNwqs16TZHE0pQMEAUeqUwFmMi1mUlCgZArURvDapo6T-H8oRQ14HHsG4xm4sp_w-z2QzroYRXLhWatQYZ3JNXYZnIP2evu89xs67i5UbNqlyTjIEw20YiPT3KHJZ39En_B1Rf4E0IVhetvOAHcvwab8iUIhtjl4tcOJ43FQX3TSUFitFGbyGC48PCALftVMn8FCkrHxqTQbJCXvofIxYwbt02Bf3YneBu3NUcitqiSo6xEJ1pKbx-CUQqJtzxxFiHDeiO0PV13-ba__1AcV4IIJ1YvWAkJKGhCNPhALOZPiSLisy","https://scontent-icn1-1.xx.fbcdn.net/v/t1.0-0/p180x540/59995441_2245233362393052_3772431893912354816_n.jpg?_nc_cat=101&_nc_oc=AQmqZW-_7vC3-DvEthq-zNaPExuPd-Y6BZEY_PCiR1UXjDjB9p1KGSeLlyCIEJlv2_k&_nc_ht=scontent-icn1-1.xx&oh=00bb43e37a33a2f9fa41c90a4aad5ee0&oe=5E2BD3A7","undefined","",""
"https://www.facebook.com/vivianhsu0319/posts/2353771951539192","1571156735","我姊妹”子育”越来越美，有小鍾楚紅的Fu❤️ #于子育 #2003狂愛龍捲風一轉眼16年了 #我可愛的美秀姊 #没有妳不行的徐大姊 #難得的姊妹聚會 #敬女人 
#決定愛你 #趙家樂和寶珠 #小楚紅","1571722328","/vivianhsu0319/photos/pcb.2353771951539192/2353771718205882/?type=3&__tn__=HH-R&eid=ARAQD_c-I8hpB3t5K72SVp4K684cwqKqfKr-uz9KNkWD__1sR5wfZvdygKxuaswqi_Aw6qBBS-jSRf10&__xts__%5B0%5D=68.ARA3AgTP9z8RvkLUzPyW62F4_jcIqHlE-wTcSBxsudIIfMCazGk5NqPbWVrzzVTcg68GKJjr4YOYZ7Hz2x-Nn4QR4dEaHtvKqf6b-BDSNG0NpxrKeIHDPi2sJKICoEMZTxowpISrAMUqSSW-9RscMJdcCNoercAiEEdFP8h8FKEFsSoLOB6gHNs-z7ZnD0m3H34zz1njLUtmIHKEubgPJWqmgCcqsBznfvB09WZYtfxFtg5vjqKbR7QJbc7h_4bGA2oQn7slzxv3H-_Xd-flcP64X6ir__jGGn12aOxhnTovFUYn7X0xfU19sS6Y-zIv-URmksI_TkM5tjHnCkOuXWyPiIdv","https://scontent-cdg2-1.xx.fbcdn.net/v/t1.0-0/p403x403/72285022_2353771724872548_8607606771810304000_n.jpg?_nc_cat=109&_nc_oc=AQkYaOQjN_nzG-n1k0_TfW-aw1H8HdNlqxfYbBWDunwfkAN5a-FuKFwU9mnce37Uem4&_nc_ht=scontent-cdg2-1.xx&oh=fe80d1c69c3337180c010575415fb04b&oe=5E2C15A3","undefined","",""
"https://www.facebook.com/vivianhsu0319/posts/2300295993553455","1564724400","請問有人知道有什么降膽固醇的好方法嗎？","1571722328","undefined","undefined","undefined","undefined","undefined"
"https://www.facebook.com/vivianhsu0319/posts/2244648859118169","1557652179","膠原蛋白！媽咪很需要！最棒的禮物！👍🏻 #blackmores #澳佳寶 #維他命","1571722329","/vivianhsu0319/photos/pcb.2244648859118169/2244648735784848/?type=3&__tn__=HH-R&eid=ARDtS-fitguXyGtsUJngBcKJSZFTLu371UyyQYDkF2vDSfKVeiySu6PS26wnXCPim2Budd1RaUthC6nC&__xts__%5B0%5D=68.ARAWzc1HuVwk0S4dGjCJhfIkgNNIaS3EEr1bVVyV71YOSL-V3gGAW4UViholiPpyGgSrSstVfTwODfOId1w3UyxsGDVLNInuznO0rxj6AC7wg8KviRjKziNNCDctV6SH1bn9Imzn1r4mCys4AhKDk9qbqY_7UaKm4AUc_khkpFLTDaE0Y4il4Q9A-TI11LjKw46wN1ypxcoDpmYTGiz8r1EY_7nushzD8bVu9pdfEPFL0CpzkNjQ246ENn_-EKdg81WAPJdrsHBLMAqEJn1OLka9sAogbqoKfOqYaliqjQjClMOmo8L_rF_HE45-VVu-CaoujFRbreuJcxNp9YTPfEgYESYK","https://scontent-lga3-1.xx.fbcdn.net/v/t1.0-0/s261x260/59834118_2244648739118181_330389586150686720_n.jpg?_nc_cat=106&_nc_oc=AQnMRLulcvLgMKWIhU8RM2NcXP4gipAv58BHkX40g7LNpJNiQEY1uzDR_Z00QCzVL6M&_nc_ht=scontent-lga3-1.xx&oh=a4db3ca6f6af306c3323786b036e9441&oe=5E2AED94","undefined","",""
"https://www.facebook.com/vivianhsu0319/posts/2286733454909709","1562938682","明天見！姊和人碩頒最佳女配角獎！ #台北電影節2019","1571722329","/vivianhsu0319/photos/pcb.2286733454909709/2286733431576378/?type=3&__tn__=HH-R&eid=ARBISIFe0D1aWnuCIWE1BCp1nlSetUWNZ7LUGg5uM65ZmVIAzT4OSfigO9bntmK-nypKpWD4hfvjSHjw&__xts__%5B0%5D=68.ARBYkJWgimXGXD9E0Fj_drj0SVd9wQgN0VstUD47ifOg2lnbVkyWOygFK-7-wdexp1GPx5kOAs9tXcm1M-E2z5H-4VlDq2Y-7n-qAmOSwNcwL3M4VbPhjNorZJ63qcFVxTXgnUwUlEqpYtaraVkFt8Na_bZ8swWJkb5uSlDtxuAluiOErqUBbp6udXJTbZjnUZjfHwUGKsRq2zPzSpKpQV42gq9o4ptK2B_sOo4fLqGH9-o6Jn6MRN6B9OlEjoplByTFSheIH-Om_7RiPX3lIe8iGDzLdRMCXg2JrUE-HsYtlJfUbuz8LxqP-M4m9vv1q2zJhZFIpNtQ45w0DsA5-0SOzgnR","https://scontent-sin6-1.xx.fbcdn.net/v/t1.0-0/p350x350/66445799_2286733434909711_8276604938071572480_n.jpg?_nc_cat=108&_nc_oc=AQl9jPTcHKUm7tsAcUnt2TWv9vEro8mRInwmnfKaPKG7dyOzVHGEd5g3P47sAyhztBE&_nc_ht=scontent-sin6-1.xx&oh=eac16e6ceceedbc49a2d1dd455cbb20d&oe=5E1DAF64","undefined","",""
"https://www.facebook.com/vivianhsu0319/posts/2288786764704378","1563207717","收工！大家晚安，我們是「格格Blue」彼此不爽但又工作的很開心之不性感又性感之格又不格子之「格格不入」女子團 #格格Blue #格格不入 #黃桑尼Sunny 
#O+studio #miaomiaomakeup #沈妙妙真奇妙","1571722329","/vivianhsu0319/photos/pcb.2288786764704378/2288786468037741/?type=3&__tn__=HH-R&eid=ARAjW4uwRyIjd97QZrEbnBJkXEMcqurA-1akRvq629M-mmHJfTzvzH4Rl_TjYEit1Ck_zotdhEifonG6&__xts__%5B0%5D=68.ARBh9n00JwLuFMNr_gtd3gA6hKKxuHBfanQ3Ag-2qY2VxfnC4rg_BUH0Yw6HA7fVK1GPW58ZpO74z1uu1OmsjLCC4GZi9nPHf_psn-kob9FFtbtP1sN1079jNvjB6LqlyEV_q4CQ8RAKxZ9zOAQU-tHbOVlGvOf4jM4S2bmvN-QiW4KOcyPaEtZ8yk2SdfKGd0LDZg_6mLaqotdHkeRmiJWjZZjM1Sczu1b5bowu_rEbXQLklY7ur7f02lxdwz3Vv3unY8SEGvAA-XWm7DB66I2wjgB6qyQwWVW2Jf13RrFtDA62hAA24x2-h8gYY-SUonsAFT91FXhhc6xAPNjieMj1vpkw","https://scontent-cdg2-1.xx.fbcdn.net/v/t1.0-0/p168x128/66617919_2288786474704407_363913949084647424_n.jpg?_nc_cat=103&_nc_oc=AQm69dhZacmpMG6G391te79WH-3OCOIjM4zwleDx2nztpHiRFCnRRk6eZH5jEejOJQ0&_nc_ht=scontent-cdg2-1.xx&oh=a185b2125a753b87d43a1f40154f36e7&oe=5E2BC9DC","undefined","",""
"https://www.facebook.com/vivianhsu0319/posts/2256694734580248","1559234971","媽媽熬的不是夜！夜深人靜，又到了讀書時間，只有自己先消化完，才有辦法用比較順𣈱的引導方式去吸引孩子注意和引起他興趣，養成愛讀書的好習慣！ #媽媽時間永遠不夠用 
 #時報出版 #好想變成獨角獸 #親子天下 #小行星幼兒閲讀啟蒙月刊 #媽媽熬的不是夜 #可惡肚子很餓","1571722329","/vivianhsu0319/photos/pcb.2256694734580248/2256694687913586/?type=3&__tn__=HH-R&eid=ARBa0XFs_RU5TgFUdj6phiKMVZJeqC8CwDu2i13vY9Y61A4--FYuZvoZOIW1rAkOSUy8WrgOX0IqeAxP&__xts__%5B0%5D=68.ARB0rMfYDtnXux2jtiShsOerUXA8yZ-AjjIbk1Rsr25wC7gRyhaw4XTTV_2Yx24ELCZ8exF1YNmtclY-fKcqjaz_WpAIzIRbGgv3yGWX4ni8dHT0ieYz48UEUTvLnUaedhBS15wLj-b0aWAWRipEyBPDHALHSgM9i8BQfgei4c-gLLllpWcExsh8PhY7offZl1vp403IXmfzUAhel-nNhz2Ib80uatcujq7qkLMoU2X4XLrIXoFAGPBPGk2o_LcPueJ3M0uDfHWYmwmqTxtFDoFVekGRnk9HrumjZcLkQs3eUZjf6SFSIBs_g61Ud404cftMRFFsbk5K_N0Czk1r85g3H0Dt","https://scontent.fymy1-1.fna.fbcdn.net/v/t1.0-0/p526x296/61289985_2256694691246919_1638110658522251264_n.jpg?_nc_cat=107&_nc_oc=AQmtgFcroXZC8itn-x6KrQE-0AIpX9OXC3AJW9eDqYzAzZPRRS42tlmV7gbWdhu4hxAqDM13TYkRsf7uDVGKhlm4&_nc_ht=scontent.fymy1-1.fna&oh=c18741339c7c54a4a1149abb50906f37&oe=5E5937F5","undefined","",""
"https://www.facebook.com/vivianhsu0319/posts/2270340113215710","1560909839","今天起電台見！新歌今天起首播～
Haor 許書豪 #但願人長久 
https://www.facebook.com/195344330563319/posts/2213425648755167?s=100006323706349&sfns=mo","1571722329","/HaorMusic/photos/a.230875083676910/2213329878764744/?type=3&__xts__%5B0%5D=68.ARApj2P0r5sHiV0eiUvDjQEiZ5MtimWMsssJ6Ol5_UJLngk6hozyxRcDlq2vO-oGB16dOv1K5e3oW8f_otw3r4rphQelO8a-3htl4YRhTgJ0GtAjEqQkbPI78lPWOalbLR-hyVqt0tdUAeeveuCApd4NTubmaJS0nIQi9tlWWQXMpuKH-hvMbkjezC-Jt5_kS9lTTe9LiQbJJrcjxBTGpMXaLMWZxNZYLHp2V3WHFRzXZfE8DstU18oj8W3cb0QvB0aqNYYFCa8rt-whFbJGUhOeFHw3yHGZzYuCqR5hpWHgVJ-D4pwSVO4loim6r2cYEPf1QAzTzgQa79suEcsYFplJT4jax7P1VDcT7ak8LGBlWGQ3y8VXHz6YN0325K9XPyv9HbpWPlVZE3V3ds_4kTT6eQunkxad7uBM07z4YkE8JcwWlEU75NRIvHLWaNQG0LI5sivL_ot_PMhrZFslOf0kLN-g8lLv_vNV3oeWLIYZQBvK5GqJEKoIt4wvuNXihjYd&__tn__=HH-R","https://scontent-ams4-1.xx.fbcdn.net/v/t1.0-0/s526x296/64296732_2213329882098077_7189467858399657984_n.jpg?_nc_cat=103&_nc_oc=AQnG0m8air04WlEhwMhqduzu-G1OVrPmRHG1NyDZyi7MMCmTvzK0wm5zntfrOP8S48s&_nc_ht=scontent-ams4-1.xx&oh=81ed2b5d419b46f9ce9bc26b10dd6d11&oe=5E281406","undefined","Haor 許書豪",""
"https://www.facebook.com/vivianhsu0319/posts/2286179868298401","1562865285","剛到家收到才子專輯很用心好大一盒😍！謝謝小豪 #但願人長久 Haor 許書豪","1571722329","/vivianhsu0319/photos/pcb.2286179868298401/2286179611631760/?type=3&__tn__=HH-R&eid=ARB1Rhw9hVanhuf3f4FO5y4joUtR-RBU-XNSemNZDm24G173LFufgBhqD1tZkYOwIwjWcZcl01jvN7jQ&__xts__%5B0%5D=68.ARC-3TbLPwEuTaAQl7PiGfpv5b-vZALwqHyhseDnJlSs4CjNEH9rBxJgFxq1JxdDqwwKil_l_jO7jbUYn0WSSJbs2P4OGGi0xYZGHm3TP0WRasqT5PyByuWqFdWK5aOJ1Wio78sbnZUUk3o3r7vV88AWRxvpZ23gb6129JTnNjxKksu1XdTX7JV8o08-amXL_tuqtKOnuKTakInX_lVI1CRTgn68i8L8ikWKlQIb8TATa1oNsp31H-F5CQBDvtJHYECCl83utPVBaJBUWE-p-fsUANpOzguAynwyAqgJemHSWefvaWny0MVr2-M0hDsShTIMoRwYc-T8UTGEMVnyT4erRByk","https://scontent-lga3-1.xx.fbcdn.net/v/t1.0-0/p403x403/66515918_2286179618298426_1689234431635619840_n.jpg?_nc_cat=100&_nc_oc=AQkxsLl1m01eeBWMkj3QZ7xjZvzgXncRSaxiKkaKJsNvQ3H5zF7YI5G6TMKs3xcpeX4&_nc_ht=scontent-lga3-1.xx&oh=7c8a4c3d5839d30eea912dd7b80ecd9f&oe=5E1EF9B7","undefined","",""
"https://www.facebook.com/vivianhsu0319/posts/2295387967377591","1564075039","墨镜戴起来就猜不出来是大女兒還是小女兒了吧？😎 #GentleMonster","1571722329","/vivianhsu0319/photos/pcb.2295387967377591/2295387867377601/?type=3&__tn__=HH-R&eid=ARDYGSTRoC-6uF87-ZiJCe_D-mnCpQH2mMf4JzLANeQ_pHWOhq6y0OI32Lv8oc7ZOsnwwXhnqHcl0N-M&__xts__%5B0%5D=68.ARDX65oaUY53LOsmsOam7OsqRU0abxJaOtaQtDgFzIyFvxPiKi1AD0dbZKf4aj7q6x3ic9IN_RkLdkHaYGcIERD6jb99uEjnaZaUsJJHNkrmPx-x5Rxaezu89K0TLoh4n4DDNlyadEOpdZG5b46wkkvglvdZaahM5DSmNUmJXr26-ff_WD0g4zYR0rpsK7MZ_5V3j1VEi9S6EEeekyYIn2qHWIcoD99zkj0OqCEcJi1LP_GlfUvkq8vdJsl34MMLVOIkeRUcsjj3SS3pfDDxdZbaud1Dp-g8eVmekVrzrZM0jq3cR2cQSBPJAH73fbSIdsftFlWTDS9FMKXc3QAreCIR0Pdn","https://scontent-lga3-1.xx.fbcdn.net/v/t1.0-0/p168x128/67071796_2295387870710934_1252131671436689408_n.jpg?_nc_cat=103&_nc_oc=AQmmrbnmoqTdbOsCb8sHM_mGITqC7dbigVjGO8Da9991U8zbtpbzr98EkHeprBWkWgc&_nc_ht=scontent-lga3-1.xx&oh=9f3454edb421cc3087c8ce2ade82d015&oe=5E245F42","undefined","",""
"https://www.facebook.com/vivianhsu0319/posts/2241127669470288","1557140203","來點童趣！（╹◡╹）還有這麼多不同顏色的口罩可以搭配不同穿著！實用👍🏻 #neweracaptw #Bape #Kipling #kinaz 
#kinaz勇敢愛 #中衞醫療口罩","1571722330","/vivianhsu0319/photos/pcb.2241127669470288/2241127496136972/?type=3&__tn__=HH-R&eid=ARDHh_thJQGfn8vd3eWglV6HLd77F5D_MpP7KQjvurvoHK49vG2jMNuURg6WtfFhhB0ejEdarjAj-gQz&__xts__%5B0%5D=68.ARCyBlg-xAPwFooi1nGnQUu6CjijmH5KeF_uawBas3xPV9aIg9ZETyU6NVH3_UZ17TJCdelV2-cXWsmws1zSRFR71jyNSudqBaipQgKceYHIXTsTRu3mph_d9N8kJPOIOU3nzpY7mDlXUsWsMRu5Vy5ULk1yXRNbxOOZkGYcpOILwNNIv-Y0ns8BA4OD7jXxPNh7Soh4S9LdDeI8CFt6TNS1kgGuLBCN_1IK3n75V91jBrj2Ob9T94ion-vz9eD-S2vs7QNQN-cbDnHgLq3XdTypAxjK7wSjNKWUO43trYZvnN4ANEdm41YoYVmagUTvbB35e2RCMVSraHLlkJns5Aa2R9gm","https://scontent-frt3-1.xx.fbcdn.net/v/t1.0-0/s261x260/59800661_2241127499470305_5278907972385243136_n.jpg?_nc_cat=108&_nc_oc=AQl_PAgNpBfbtwUTb2gU9vS82wupc9e9DZaWq5pRW1uH2yVMjB15eqx28bHS9JR0WwQkmPnf7xmUIr3IyPWUhtOa&_nc_ht=scontent-frt3-1.xx&oh=e3b55681570eaf476ab409cc9eaeced4&oe=5E2D68EF","undefined","2",""
"https://www.facebook.com/vivianhsu0319/posts/2289936067922781","1563360075","做好了 #叉奇","1571722330","/vivianhsu0319/photos/pcb.2289936067922781/2289935947922793/?type=3&__tn__=HH-R&eid=ARCIVKdSgo-P4_cwrrJL0qggtPiR4ARPeXbNZYqq3lVlheXIusy_VkJKw5xNKII2WisL-fDdpqRBvxX0&__xts__%5B0%5D=68.ARC38W4vWm5_kFp9DvU4u13AKqLSU2fud7xtS7IVKBgJQHNwPNjwtyQc56x4MTrjMevUWKU1AO5ZNj5RnMlWyMB_oar3cMr8wnqk9oeaxwE-F5qy3nfNaHqIIZUV3bVy-htYiPM6hJx8GX7IaVEhbLKtRcINxVBdYNJ4Q-Uz01jOZxtZmhenQbcZPphBIv_sXILIwqgnEzLXr5Ro8PGH1GuK_BqH5Jy83i5vKXNhhwJDrO_KQlkC7f0x1SidxqcpJqpYRztmL9B-XM8GlArOLc-_h78bAWpQOqJjpjWeTdh9LqP9JWdhuqBCPM2_-LuwC87b6CMmuWG7H49_4r2ZYEEf3IAI","https://scontent-ams4-1.xx.fbcdn.net/v/t1.0-0/s261x260/67496470_2289935954589459_7120994298606125056_n.jpg?_nc_cat=108&_nc_oc=AQn5ZcUrC157rt5ZKEf5IdqczRPBHPoiOKJgRJM73LK8Rb5Y0xJ8MxuImdb0Gzp4odk&_nc_ht=scontent-ams4-1.xx&oh=68c480ba566451c8fd836a7b64780cff&oe=5E5A3F5C","undefined","",""
"https://www.facebook.com/vivianhsu0319/posts/2282569461992775","1562393653","小徐同學在新加坡的日子！一個字「趕」#某天我的24小時 #時間管理是秘訣 #Vogue #Vogue2019七月封面 #鋼鐵V行程
http://smarturl.it/kx3w2l","1571722330","https://l.facebook.com/l.php?u=http%3A%2F%2Fsmarturl.it%2Fkx3w2l&h=AT09cHQn4qy5Mt983xvlINiUMu8oEFwYxnozTn_KB7imyT6262VkiVnWWBrECu6KJvTegogLPZicr8YxWPsVKnrU7E8LqEFkhZVE3ACqYIfFFuEj7hL3zv96PSdlURNkSSI6CdAxCaWgIcfshyMbboRG2rr8HMjWIKrH_Th1gxjf7UlB-kT471pIS5vzTglFSoL9o592eFmRXDGJ_YQ4-vhOgJ4E6c2s9HbnuZ-AOBAjGQVOnu2Ebum8r_36HVNLkBJDoqUa8-uawvn12m6zmlG6Im2VDF6iMUSpuEbR5rv8dORp71vhRYku8SJQSjHwo3FfMe7i3UMEDt1vZNqmRBpaGXQiyxgVLlC7lvGKDKydVO5GrEfBdHzjNNNqfJTyOBEgkTyV_vKJpaVjN3u22QCe4HoHMnc7k70Lix3YbU3PFSutzyDLH88i8T1hOvMwM7vHxjg6zMl_H9MeP6enBLEdDnJw8bQo5I59VEQETgI7B_F77ZbWdhJNOegSYSCvaih54phoeKgveAU-lDhHsnpYybw2zsNjoY3wQlHIgSSRAh8f0gGKXIELCOdA58BQYVTWtoQK6Piw_EfbDrV0c3cBY5E9tX8EKLY0LVCZbWDDsrqB1o-vYkupyMpVbgF99a8J2rcONQYmlwR_8KSGgenyOCxqduh905Y","https://external.fymy1-2.fna.fbcdn.net/safe_image.php?d=AQBAvCGn5Oe0K1qP&w=540&h=282&url=https%3A%2F%2Fi.ytimg.com%2Fvi%2FTqLJ0TdziWc%2Fmaxresdefault.jpg&cfs=1&upscale=1&fallback=news_d_placeholder_publisher&_nc_hash=AQAl06Du8UnsevUI","Come and take a look at marcelrr's post!","徐若瑄與兒子Dalton 新加坡24小時跟拍全記錄｜201907 封面人物｜Vogue Taiwan","徐若瑄與兒子Dalton在社群媒體上互動可愛，這次VOGUE全程跟著徐若瑄的一天，接小孩、買菜、運動....其實大明星的日常跟你我一樣！ #請訂閱 #開啟小鈴鐺 #徐若瑄 🔔需要字幕的朋友，記得開啟CC字幕🔔 【 其他熱門主題推薦 】 ..."
"https://www.facebook.com/vivianhsu0319/posts/2286136048302783","1562860086","一下飛機就看到一部這麼棒的電影好幸福～我有舉手問問題得到一根棒棒糖🍭好幸福～ #幸福城市 #台北電影節2019 #丁寧","1571722330","/vivianhsu0319/photos/pcb.2286136048302783/2286135238302864/?type=3&__tn__=HH-R&eid=ARDz1D4f0Is8IyF62n4QJ43wCMgjL42V3AtZ_Q93sJ4naR-EMbD1lZJY7jflGz-Zcu1xIo4rv15-lG1p&__xts__%5B0%5D=68.ARDQcLN4IQzOUERZt-Q4h5285nPJw59UKqZ7EqmIFZWn6GQLgj7WED4dM7dPEeB5wFXRSH5aTNcEvmZTg-LOcphDunN2yl9yzwqbckfHTSGAO8mKZaisy6X3z_p34MTlAqMC4kedqhAZU9e5FvuUL4j4iS08ka_rleUj1owOQEqRx5qqF-w5DQ8j5eUbbnS4fMjIV5uJSF2gESZJewFCVcWPh_bLBvJEv-Wy9pww_JG-MDXH-55F0iMEI7v5dsO8bQrfughBqpBq79L_4wJfUo7NyBe3p36xAJhNTqh7wDLVcC4r3UPXEq8MtQGfVUf2zklsDvKEPxQfNQIL8pK99VQNNB9x","https://scontent.fhhr1-1.fna.fbcdn.net/v/t1.0-0/p480x480/67155863_2286135241636197_4650040316898836480_n.jpg?_nc_cat=109&_nc_oc=AQlW6b3JVtqyVaWv0RJo2CEVzvL-cVSuwYA8oqrIKMVPno_tYilp28F2h6aOSUGoX-A&_nc_ht=scontent.fhhr1-1.fna&oh=ba7a1dec7243e3f6ac85099bebd7d1a7&oe=5E1C8602","undefined","",""
"https://www.facebook.com/vivianhsu0319/posts/2244852422431146","1557677848","媽咪的背影越來越像男的了！🤣香港五天行支持爸爸的螳螂冰球隊Mantis~(其實媽媽還想到有機會能順道帶Dalton去迪士尼&海洋公園，一舉兩得，再累也要跟來
🤣)今早爸爸帶著兩個獎杯很欣慰的離港(這年紀還能堅持這麼需要體力的運動不容易啊！👍🏻
我十分敬佩)今天我的母親節也一半時間在飛機上照顧那體力旺盛不睡午覺的Dalton~謝謝香港好友們來支持比賽！Love u guys❤️Love HK 
#Mantis #Icehockey #冰球 #gigileungwingkei #梁詠琪","1571722330","/vivianhsu0319/photos/pcb.2244852422431146/2244852099097845/?type=3&__tn__=HH-R&eid=ARAg04SOSMEoKzJtPx9ZUU9YfZZOl2DzcA3l00b0cUXROuUiSxtUnSA4IMMJHML04mCAq15C8YDmaSwC&__xts__%5B0%5D=68.ARCpi2J0ogFRNwaTy7CHslhsIPS444TQrhZQM69_voF-JMET2silKG_6u_RN003Gk4hWsq_Tp54LW65YtVJKwo5hPL34fCpkhFI7fhoI7ouq_0M2-FFJy_VdfgsP0EuecAzCWm2U5kQZMnY5AK9cXUPTE4wn0Sw7d-ujVrMefbV4wsxv8B7jdiueDugoFUz5FM-lGZ0Zxmo7X-lgu8SCHZj46Bzm0JY3gBOxRky-WW6hXb4avauXewRY-WwioW-22HJfgltAuIT6aYIvRvXmEa4odRoL9P7sXB2YHYZ6hFJQDi6fm9rDd_n4OutwTFLJesF1M1CZGX9b9Qoh-5tx8JH2WQbK","https://scontent-hkg3-1.xx.fbcdn.net/v/t1.0-0/p526x296/59955761_2244852102431178_601959964549840896_n.jpg?_nc_cat=108&_nc_oc=AQnaJPOY36Tq9rVvow1Qj6HUJ5hRaI0yiDp4T_il5UyHI6_LGja9hb4UrR0flCFkltk&_nc_ht=scontent-hkg3-1.xx&oh=fd2d3716bfbea9f61559c409acf0de1d&oe=5E2A92CE","undefined","6",""
"https://www.facebook.com/vivianhsu0319/posts/2246807868902268","1557938348","心情都跟著美麗的彩妝，彩色起來了💕～Thank u #光采奢華恆霧粉霜 #Shiseido#CledePeauBeaute #肌膚之鑰","1571722330","/vivianhsu0319/photos/pcb.2246807868902268/2246807828902272/?type=3&__tn__=HH-R&eid=ARAe0uF3axJUsvY6WOrSH396r6WRfDBtWLA4uAwgRMnv-d21E3NFT3Z1tP8rKkVQUbI7rU6KGyoBMju7&__xts__%5B0%5D=68.ARCF1JugezsQDLjS0noYTyvqEeEZ5v7BVb_VvyER6iH9mGzf_p4a3K75PaqvCjQGqjQOr-pM-fNoMhlM0sil3kk0L5a4g2VIigY-4tPak2caT6kPT2fcFUGxhZh9_xeLvw1TMc3wldjLfQbv_57zXVqjVI0PFkTecVhDapBA6_S3xvWIhEkTd84rmERZXyyR9rlW0fSj-J1F-dKbyhQz8FHpTEgJjW7Qun-lXwAQbN1Vs7UQ00hBL8K8Fdv48QeI8u0Mk4eTR5YHoXIhHL0s-AEqdt6PGVl1g4qcUvrda0g57pQ-ilExF51i4N07BuQ7JVmPdA3PtQCcm3V6QId7oQ7d7ppq","https://scontent-frx5-1.xx.fbcdn.net/v/t1.0-0/p168x128/60550830_2246807832235605_6420622893704544256_n.jpg?_nc_cat=107&_nc_oc=AQmbkeODY4qtwLrNr_bmoNLyZ7mDLI9XnHVyGVUC57xD9SjkyPXOocMl1cZi5ViwUvg&_nc_ht=scontent-frx5-1.xx&oh=e018ce24a1fb6f9354f42c1bc47822c8&oe=5E5EFB58","undefined","",""
"https://www.facebook.com/vivianhsu0319/posts/2327651850817869","1568245376","默默走過85個年頭，是個守護128位中重度以上身心障礙天使的大家庭，在新北市八里區幽靜的觀音山下的「樂山教養院」這個家需要你我幫忙‼️「每月300元，支持樂山」
http://bit.ly/2lAxTfk 每個生命都能活出屬於自己的精彩！❤️
#樂山教養院 #愛我們的家 
#一間二顧公益行銷平台 

 https://www.facebook.com/215374268488831/posts/3459377120755180?sfns=mo","1571722330","/watch/?ref=external&v=418781322100063&__xts__%5B0%5D=68.ARCDGIKG93fbGEBhQ-O4-l5W8E_yG1hB815jq-lgfq_QLs2BONpWNG7icfAFSnVaVWL-JBitIhLmGnleaJSvE5gBcTfLDaf6OfzyrNzmKkWeQho3HrEMaFAgeSUeUWax1YoYg7SHy2Q45XFavNSelFoqaEtiphzvks-pk_3X8W620lJ6q9bjVnnZ7GCpNSX_cjbO28mxg87XMwCiGSjUyMwxvtS_gx1feKV2tzxZMtQe3MOuJpMtWj4SdF5m6qh-M7v3YEy8mm_ApaqSa2R46Euc_IoO1aTGZVArFehEFPvIhPqCe93ezeCQCdYT7Sxo6A_vEREtVhlBH17ykc7c_bTvuLhr-fONTytf9gsWmKdhtleZXuiHm01ULBJ2dBB5M5A2t08YwchA41nlmCR8qBjbZYNS61TjZerLZTmYTIaFKUDpdAAaFunKZM2YfB7-U4E8AYqyA-13QjZp6CxIZEyvQIdOtG0Daik6dwovh6xXAz32NF29tRe8yvmfaTIWRqfBsMUN6cS5GvVIikyQBFXNTsEjMA&__tn__=kFFHHH-R","https://scontent-cdg2-1.xx.fbcdn.net/v/t15.5256-10/67530716_418781365433392_2536205512869937152_n.jpg?_nc_cat=104&_nc_oc=AQmR8L2TFvaOwCsGtlRdBXecjgeM6IbBfWuyeV-VvGiRFMeKyFzSXJ-MnydDI3oNeDw&_nc_ht=scontent-cdg2-1.xx&oh=d2d242187fbb57cae209a7e2ece17c31&oe=5E60C994","undefined","｢愛我們的家｣ 樂山募款計劃","Posted by 樂山教養院"
"https://www.facebook.com/vivianhsu0319/posts/2343833565866364","1570099268","一個已為人母的處女座好姊妹”黛黛”细心、謹慎、嚴格！只要經她手”慎挑之後”我皆放心(那星座的龜毛大家都懂的🤣(嚴以律己，寬以待人) #支持好姊妹創業 這裏買 
www.olliebowbow.com
@olliebowbow Olliebowbow歐莉波波親子選物","1571722330","/vivianhsu0319/photos/pcb.2343833565866364/2343832819199772/?type=3&__tn__=HH-R&eid=ARDCpcMD5pWTRDSNaop7X9WT93gHXME_riH4bz3f2hJUPOxr7u7Ru1p2S1jL5RnRltrrr5_Y9S4DZnLO&__xts__%5B0%5D=68.ARDvJfFmj5_ahLzBbDUEBCg9zQEDW3bgse0OpEPFYFbaY0kVs4pn5ViC3ws8G2i0VtdrguGzmw-9eSPhNqF3pkcN_BeMNVX_yrzG-rqVb8j1d9iE8IMVJ8rcrdbAqOYqqSasYHTZgZ5E76gt1KvqhwotMK7sN8bQeBy1Q0YhjtwZgdVDOPqiCaaLjZ5uUWcYErxWTmF5dgREvNWsfVDq4FXRusM2sdgHo5cOeK6misRrQBSrFmQa7VNg89117_zasmFWfMOJDy46VeG0IzwEVumM7PIDvrNqsag61Rq4lHUlGMbcrf6JtdW4r_fyW71U5AYYULfwwMJ9Owj3zTrWQBmfbzAc","https://scontent-mxp1-1.xx.fbcdn.net/v/t1.0-0/p403x403/70784523_2343832825866438_366706429446324224_n.jpg?_nc_cat=104&_nc_oc=AQmIdHODqUsFH7kRojcAFClc0s2yikNl0BajHWHeyW3sNID69C0etZ8QSKbM8oyR1K8&_nc_ht=scontent-mxp1-1.xx&oh=b3876d742e6c4acf0cc0a5f472f99b9a&oe=5E59DAF3","undefined","3",""
"https://www.facebook.com/vivianhsu0319/posts/2352660588316995","1571042835","今天謝謝所有的媒體和攝影大哥們現場捐助零錢獻愛心，你們最棒👍愛從我們開始❤️ #他們需要我們 #罕見疾病基金會
https://www.facebook.com/228116080970261/posts/747400529041811?sfns=mo
更多訊息:http://www.tfrd.org.tw/tfrd/news/content/id/2759
#徐若瑄 #全聯福利中心 #全聯佩樺圓夢社會福利基金會 #今天您去全聯了嗎 #Jordan Air Latitude 720 Red","1571722330","/vivianhsu0319/photos/pcb.2352660588316995/2352660211650366/?type=3&__tn__=HH-R&eid=ARBFH-Ybd2zgoHuOv-p4D9K9KxHucCFIKEE9ng0TTBNpCEri-2Z3PRU4KDlH86LF6LgVUlpwbMoXKq7t&__xts__%5B0%5D=68.ARD1dBV3jhKZOCEF7GKXCov4XSLv3NxokyjDvWpRcuhCmRbNgxOttmeILEDCGjCOSP6xvoRzZUx8AECOjsR8V_-UPcbOS23rKxD_zHfQWQ07lGRucRSlYle8KXeO-1wJzNfWASjdmg9UK2Ni-cuB4KbCF965Xwn-406FlwI0q2XpEOAfsRbt4JSRDABjVljaVhPrqeEXWfrhUJoPQYBVdAQdza1_n9qUOoWnoogT6MCfiN3aO71jxtrpGusVYwHqhunymqlQI1FfmRkEa3ENFnN5-PUaky2eh0Xrb9zVP_SVURFNM4RCwPVDyNlhE235GgzklZC9c0c-w9F-XWLCA57rzQeC","https://scontent.fhrk1-1.fna.fbcdn.net/v/t1.0-0/p403x403/72048622_2352660214983699_4445915558000459776_n.jpg?_nc_cat=108&_nc_oc=AQmh91NTmn2q-x5cLv_sDlyeR79QVElfXp1HbLUiXCxtT1QsTg-LeyAPrwA1DhOKxqo&_nc_ht=scontent.fhrk1-1.fna&oh=45d6f5939efeca5bdc9a3b46fcab02f3&oe=5E1CBB09","undefined","3",""
"https://www.facebook.com/vivianhsu0319/posts/2343175492598838","1570023778","开心可以成为钢铁V的超级粉丝。😃是真的吗？开心可以成为钢铁V的超级粉丝。😃是真的吗？","1571722331","undefined","undefined","undefined","undefined","undefined"
"https://www.facebook.com/vivianhsu0319/posts/2256575834592138","1559221900","收工！謝謝蘇神(攝影師)～追逐平等的道路也許崎嶇，有愛就能帶我們找到家🥰🌈 #回家 #Nike #BETRUE #有愛最大 #neweracaptw 
@neweracaptw 蘇益良/Liang Su","1571722331","/vivianhsu0319/photos/pcb.2256575834592138/2256575611258827/?type=3&__tn__=HH-R&eid=ARDwTI74LuJ2-lY3H25NT0HRbVWVF7G_G5DeC77bmb43T0esPICheAz1OQVcghn31QyEgTGk0WMYVvZa&__xts__%5B0%5D=68.ARBxGZYQqs9c_l53lNnwAbOaUrkhlWGDPuQsQZvzm3m0ryX3YEya5l9VT5JFbgA-nCHexP5ONfdhD-Z8UhJhsweELuySshyGOOROC5CAyjsNaePsb3NwjSmHFF5LWCMAXIYS9hLicIdrPyU5S0YpijjjwxiW0nU8YW2mMo3qKKHRwYTvv9brbxd1feWaRBYh0lzz_6vxHQZY-9ii6I7ivlfBsW6219y_JAn-7ERW89R_oxd4k96YOMMnaZMx6a5EabQXojXyA98VYjkfL3KUTQb8gnFbEaQCPaHUfppTiOqkJFV49Iu0Ly7ppGw2mCav2KQgX4JNEwy4gDDGANhTjHjewX6z","https://scontent-cdg2-1.xx.fbcdn.net/v/t1.0-0/p526x296/61628994_2256575614592160_4765171145810903040_n.jpg?_nc_cat=109&_nc_oc=AQnX7-ubP3uWzaO1lV-vZIy7RwJEcZsOCBAA293nZeOoyVVtTtba9dbJa_wxKxwYJaY&_nc_ht=scontent-cdg2-1.xx&oh=2300f849ec581802041a0255bb4f6372&oe=5E2A969B","undefined","",""
"https://www.facebook.com/vivianhsu0319/posts/2318735561709498","1567152737","昨晚去了新加坡的夜間動物園，四歳生日禮物-Night safari初體驗～🦔🐘🦏🦒🐑🐅🐍🦉
晚上看動物，有另一種不同的Fu~很棒！今天不囉嗦立馬來看獅子王，爸爸為了救小辛巴而亡，看到那裏，Dalton眼框泛紅，沒用的媽媽則淚飆(本身哭點就屬低+演員比較敏感？)還要兒去拿面紙幫我擦眼淚
💧、媽媽是在演哪齣？🤣 #馬來貘好可愛 #不能閃光只拍到這些分享其他時間一片淒黑 #TheLionKing #獅子王 #Nightsafari 
#新加坡夜間動物園 #不要懷疑那是蝙蝠","1571722331","/vivianhsu0319/photos/pcb.2318735561709498/2318735195042868/?type=3&__tn__=HH-R&eid=ARCJ4cmzjOGMxV4Gfc6SHbCNqzB3ZI9CxseLL4A6OtuIY3btrtgGd3bfba5UA735DqWNsRoyiTuy8Srp&__xts__%5B0%5D=68.ARACUSTPNYQYzksVPU24KgTYIxx9NRbuZ3ke8s3vMMX9xeIZMwD_qNmBwsvNystQf9hPP0zoR27XE98buWCSvxcgaguazpQ_l7EHkyVeo_nfZch7DRb-UA6lyb2AtIIzuKgrAObJXPqFnj-Ofz1kggIcPzYYTxmaEW9OlOt-64UZbjMZbpzMexxxP2R5PGo6xP1JPRrKX9IS-y5lhwAxPF_3vwNZItfHnBnDGgwH4qNcu-DjuKM_dhW5wibo914ly42-z0_XVaoeNjBqWhHI28lY-HGDFDNNXfiRG_OQVawy5pyvXiD00dcO2FZUiHvzcCvkMZCcgqolGOah28ATHzY-UMCJ","https://scontent.famd4-1.fna.fbcdn.net/v/t1.0-0/p350x350/69462546_2318735201709534_8545242824470167552_n.jpg?_nc_cat=107&_nc_oc=AQkQpHgktFMzTVZ80Vb5nJeDusS-ebdhdn48cdZ8AcJzfrt6U1y8rklOKH_mqR1zRGI&_nc_ht=scontent.famd4-1.fna&oh=d000757788b5eb7d2af9c9727f1a2a78&oe=5E5C4659","undefined","",""
"https://www.facebook.com/vivianhsu0319/posts/2255700841346304","1559110463","哥就是喜歡帥！😎(小獅子男的自信🙊)🤣～到姑婆眼鏡店裡，自己挑了這支！ #士林國賓眼鏡 #crocseyewear @kuopin.shinlin","1571722331","/vivianhsu0319/photos/pcb.2255700841346304/2255700711346317/?type=3&__tn__=HH-R&eid=ARAOheMOOCbvz_OYN_HZ_KKBVfppCL-PvNFPKaO6o6oxvtORm6K3WdNpGqUmp2Xnqt2Gk3cU4dlHxaUw&__xts__%5B0%5D=68.ARANLIub0I_DMGXrIJsCkYyoYfAyVp5qXzq_dNMhDzmKAt9f1Iz89_8kbem2nRP0U6hoy-HakAVb1GQWX0Tn6D-g06naZ60KenwaSV1RR1SnCc7WLi6HVJ8A07dUtuhRNBySfMSF11Guqn7ClIybdmggNS05KjZz5BQxBfJSwIqKkuCEzRpDlBF1BC9XHuy5P6htTAdDT39BsB3_SaBMTdtw8QCnxTMOh0L4gNo10YYV45jYtV0XqbDjFTFSmu15cw6I4ckAt_icXJHCaclvfMsuLgT1ODrrEh9Wlc8_y_k2Y1kkxoWlm7rqBgBmNu84duyssKU7NvETSSwolKQ5d52DsDy6","https://scontent-ams4-1.xx.fbcdn.net/v/t1.0-0/p403x403/61560064_2255700718012983_4423276514800304128_n.jpg?_nc_cat=102&_nc_oc=AQmhzpCHBUmF-5hXiAKUo1FO2SVvTlD3ITqr5HNqIUwbV8v-AbZBSYIgRqzFbyp38aE&_nc_ht=scontent-ams4-1.xx&oh=165966d5fa48d979722b8d76f8e51f29&oe=5E2147C8","undefined","",""
"https://www.facebook.com/vivianhsu0319/posts/2293756837540704","1563857042","5年前的今天⋯爸，您好嗎？ #思暮的人 #徐老爹 #很想您 #我還記得你的味道","1571722331","/vivianhsu0319/photos/pcb.2293756837540704/2293756767540711/?type=3&__tn__=HH-R&eid=ARBSeT7i0qSWUukx7UpawV8Ut6dJhUsJ_rkeqjvvSCBFS0pnFYoQ4HmGDBS-pxg2KvlnpJS1SCiS83Aj&__xts__%5B0%5D=68.ARANaHVXpqTXmLXlmMfkAFc782eHldGFaBwlhEuJ_ridUolt-FvWkzF4fJzbWpcQWjEuKAGqVKp7ZhWn9MVnAJNG5KE9AbUlbTTLMPnXLGijw2nLfsWurCM6WXhpPCdFn-57remqWKv7IN7Nt0dTvgo7jCCUCYwUn8cdrnble7z4NN8YQNcHcJkbX9aZZ-s2R1kwdWQXDEk5Sx7M9R0ndLIs4Daeu4zFVDrtPyTqyPpyhQoxrmE3HaIahI1ZAtaB-ONkQ99kF0baMGJk0dBPIjODd0sMHM2yAdsoNf1OLHU8ce-XivtZoEbr7H_94WhZVY-MzYOs8CLH45nsLAEhsyKq__Qp","https://scontent-lga3-1.xx.fbcdn.net/v/t1.0-0/p403x403/67180744_2293756770874044_6571072153519652864_n.jpg?_nc_cat=101&_nc_oc=AQmyt5GpLdv7QxCeMVYOBDedf4WEewak08JpBqxyfPhzs4-XKVMDmJazxz-Bn-Sf39s&_nc_ht=scontent-lga3-1.xx&oh=10ab6dfb9d31ec9a45a38299a428a916&oe=5E64E19F","undefined","",""
"https://www.facebook.com/vivianhsu0319/posts/2336777163238671","1569308677","難得早上不用開工，終於可以好好享受我幸福的早餐🌸 #My Lovely Breakfast in Malaysia Not working this
morning. Finally can enjoy my lovely breakfast🌸
朝からの撮影がないので、やっとゆっくりと朝ごはん食べれて幸せ🌸","1571722331","/vivianhsu0319/photos/pcb.2336777163238671/2336776763238711/?type=3&__tn__=HH-R&eid=ARCOXNSG6rpuWPm7i7xGydbiw2zDQtSh6h-pdj-0jrLHYTb-VGVaQ075VW2m5yrZAhNyRYbLsIpZeHMS&__xts__%5B0%5D=68.ARC06N2UxEWDx4-3Mwk0YF-EpQ_7hhthpwFoFEPWAqXnzfM3A6qKnlGFqNtkP15b8lOjSwC0o-BYGlqFJtz6O9-bRfb5nvC50bp43MigTW6_a1xUlqfhG18HKV7UyuJlrpgAPn1rg2C8ENDMX5MDxM81t9I1re4dG4_tJuwx0IgoI8YHR_Hocj0R3mRoEXVWoz7Wrz8G_D_J7cXO6VVIXYD3AycVQvAP9KyKyWVFEO8FPzZz6CojQH2bGY56UrUyzOkse8vMfx-Zs-xCmfx8IrBzgNuHEEf3lLsaAfcoP-t_5cI1qrCnYJmlVFhurvN0JQmG4R0zhlHZQN6eWA0x4Gu6KMST","https://scontent.fdac13-1.fna.fbcdn.net/v/t1.0-0/p403x403/71036403_2336776769905377_4140580921269026816_n.jpg?_nc_cat=107&_nc_oc=AQlg5JtbnoM1BAih9JaCb2_es2iWjCTuQPOiItzic3P5ECerULIbqP_LWeTS6F6cR80&_nc_ht=scontent.fdac13-1.fna&oh=d3de55c7bcf5c524312cc5b6dcaaa13b&oe=5E257C77","undefined","5",""
"https://www.facebook.com/vivianhsu0319/posts/2276331822616539","1561626391","Haor 許書豪 請不要再掛我電話了！我還是嚴重懷疑此事有不能公開的隱情，難道你「已婚，而且孩子比Dalton大了」？🙊🤣🤣🤣🤣 
小豪，請從實招來～朋友沒有秘密「但願友情長久」 #但願人長久 #不夠熟之不知不為人知的隱情","1571722332","https://www.facebook.com/HaorMusic/?ref=nf&hc_ref=ARSkoD_Sj4CyisTj0KJdnTVLFTnklVLXv9DpU-_oTg5jTPxhe67z39ofPJkIrX_ObB0&__xts__%5B0%5D=68.ARD-JlGncmafrAt0MGWenKefOvvV-YYsh3-XDf7qSUgJ-Zx6PDOR-C4eid_4hhHAIz1I2n7_oOC09MAUp1WvfOrW3YpEjSXgwKEm09tspdjXhs7ZutWgoDw3O8cMSftdp3XusxwtFbbVaQbZEYjOKPOqf4ELTsk2mrrspRvsUrSaFz4zhmchgly8L0BkwMeu868H7FYcfrYB1yU4TfVrk2S_wHtZUenQvYcBTV03C3YLQbSkLaKoGp1rORHtNR5LnFAKAvfEh7hTyd5ffQdyAiU-oucoXAUIubIVfTIjsTXjzM__mXKChMu4S6Oe8yYvIkFwx2wv6Q1ASa88uY5tOC2zu47hOUvMz3gLQLBE3w6r4u7nngNNgHcB2TuAfQetGyxmRksPrj0ftzp-D4u5W4xlSKguMGBRKyI9iFvAY1AuaHOjctHp6QW7mfCY45A7TfG26hNr5oDI-4agMbQFEXUO7wgctvAmd0u420gegrFXzcSpXqLwKjanN-Q_&__tn__=%3CH-R","https://scontent.fbkk5-4.fna.fbcdn.net/v/t1.0-1/p32x32/62327499_2203194229778309_2545384420622204928_n.jpg?_nc_cat=103&_nc_oc=AQkYbxMLoOLaQl8E6DSoGGeIEoSDjh3lWOYr4Wm83p0otetiW0VeLiEUbhdm8ja7FhQ&_nc_ht=scontent.fbkk5-4.fna&oh=345b01d5541eb255635efa5c0084f653&oe=5E627D2D","Haor 許書豪","Haor 許書豪",""
"https://www.facebook.com/vivianhsu0319/posts/2357292871187100","1571501891","再怎麼忙也要給它聚起來！晚安😘
No matter how busy We are, we still have to find time to get together！Good night
😘
どんなに忙しくても集まるんだ！お休み😘","1571722332","/vivianhsu0319/photos/pcb.2357292871187100/2357292667853787/?type=3&__tn__=HH-R&eid=ARD4-4H6YtafDvidUK81uayvD68rvr3LwsZvwYbfZTWx8ql76Mtai4cGBAhxGW0ybN78yLZJsTsWNGsN&__xts__%5B0%5D=68.ARBt4oWL6z6H3OZB5Eju-gJA80GCuTGgiJTBJwMETYxRwz8Dae-pKjw0K2V0CMiJYMBlXiB2F89i8_6rzbLIiueeXB-jOUAawpYGbz6Dlr2Is5tifq1Ar-3L4b-MDuUwzu5WRBJQLm2WYhcs5m6CulUB8VQI4N8SQzMLOaKYc04CzNaBkxQk-WTF_U4o3BnsL6HVKyxPiGVZRkx0dLWeAHYh9jhYRGJQmsSqK0kVyojABGWEN-Me6Kg70-3z5yx-EmgyjupA8ONi_7KTMcQfZGOtctmYxaSU0xHBAPS5ootPX-SAVGzDecoZyK6yrUzw0hhbWUtMA61zw1CVSGZubBsE12JW","https://scontent-ort2-2.xx.fbcdn.net/v/t1.0-0/p261x260/72848687_2357292671187120_7278446197654683648_n.jpg?_nc_cat=107&_nc_oc=AQmztNXCDNDSqTz9ERm7BuTn9Eft4uCrDBHPqKfRbmP0OKT8Zb1J-YNxSiRDlU9vAxA&_nc_ht=scontent-ort2-2.xx&oh=5689d5de8d7cfacd7911175ad1a98c2e&oe=5E5FBAEA","undefined","",""
"https://www.facebook.com/vivianhsu0319/posts/2345247755724945","1570254381","可愛的他們需要我們‼️🙏🏻
希望所有的孩子們都能平安快樂長大🙏🏻「拉他一把
讓罕病兒更有力量」全聯零錢捐活動已經開跑啦！10/1至12/31，您只要到全台各地全聯福利中心，「投下零錢，或是結帳時捐出電子票」，您的愛心，就可以支持「罕病弱勢兒童學習培力計畫」由全聯福利中心、全聯佩樺圓夢基金會及罕見疾病基金會共同發起。
全聯善盡企業社會責任，全台各地的福利中心將成為起始點，匯集鄰近消費者的愛心，傳遞給罕病兒‼️
https://www.facebook.com/228116080970261/posts/747400529041811?sfns=mo
更多訊息:http://www.tfrd.org.tw/tfrd/news/content/id/2759
#他們需要我們 #徐若瑄 #全聯福利中心 #全聯佩樺圓夢社會福利基金會 #罕見疾病基金會","1571722332","/vivianhsu0319/photos/pcb.2345247755724945/2345246799058374/?type=3&__tn__=HH-R&eid=ARDqmSvN1iKaM5717bmRXM6mouEEBHPlXfekik_yUqUltDg90tPpXX7O-ormBCa28UVx5YqfqsZgJlSJ&__xts__%5B0%5D=68.ARBqUcwq4rAQ7Py5DkeQWsdUwWqQsQEjTWfKKAaBym8ySR-zFzyY5SYkGNnlvf62OAl19VwUyG-KY9OZxcOwFm9qlfKI__2ymj4DqFvycf73vwlBH-yQ39Vr5NnMsx3bNL9u9XXqgoy8FXxg9KIeLjeAPpMKo6xYBUUCSTImQFDyDS6a0C8WYTQFANc14F1ej5smmUH8qn03NFL7b6jlcsdlenFxu38vgCCIvo1rDFk052NvIT5XZMiPYgqJSs--lWINI4euEp3HLMQfu0irzF_2kHYv36Y0hvS5Y4h61ALQQoURI8T4E0xcVkZgb5vXEYZ-LNP2j7m-gGBVEriaebRFohdI","https://scontent.faep9-1.fna.fbcdn.net/v/t1.0-0/p526x296/71322393_2345246805725040_7990785189624152064_n.jpg?_nc_cat=103&_nc_oc=AQn7NvwG2UlFRMPbFAO_LAqmDKfyFKKuwO5jP8s_XOJMnE4roRxOG1nIbsw-HH-9bFw&_nc_ht=scontent.faep9-1.fna&oh=b994e9d8a4ecd22346b6aa188c0a1598&oe=5E29988F","undefined","2",""
"https://www.facebook.com/vivianhsu0319/posts/2276834885899566","1561687784","遲來的感謝💕
#CHAUMET #ParisINewYork -#Lauramercier #NARS #whatmakesyoublush
#LuLuGuinness #momosmarch
#FantasyCleopatra
#美果 #蘋果蘇打
#EdenPark2019法國 
#7eleven精品集點送
#大塊文化 #我所受的傷","1571722333","/vivianhsu0319/photos/pcb.2276834885899566/2276834349232953/?type=3&__tn__=HH-R&eid=ARAY7pCj_mVAAopVOxr5PeHhbUbrYFkqMNGXjEQ5DYn3uVSUmC-Y-vEvgYRHrG0MKyEFMbKR-kiJuamm&__xts__%5B0%5D=68.ARBlL8H140XUUnlNQ1U4TJm6niCshABgdY9EFFBXQqrmMQdnE8B9qvZphHxHRE68zEdurYW9I1JemkRbHj2evdBM-BE2ZR1Z5s4mtB5ogSXEuobgZ1A97KOFArGzNRDZJ_4lLkFyxhUJcIi5ZYkNnwLi-dtTVR3ejE5n3rDtWbHwreN2ioU_o6tow0qvkZwr2wPQY4LVU_GN8CK2KhMWLdbBtTN0ajSgGJB9EuWbAKIRZS2nwMhJveNw0iZ10OEfTOekrsayraBfx5NWxQ5Ijywf7huCcfZ1xInVk5BCYKe6DL6k9gjvc-TV81NhcckJ4MaKKHeYTNAvlZqjgFupcghe0oc9","https://scontent-sin2-1.xx.fbcdn.net/v/t1.0-0/s261x260/65424898_2276834352566286_1130527652499685376_n.jpg?_nc_cat=100&_nc_oc=AQlBr6zqCdroNt2LfXFaG9V6KBN0dApJdioYaxyDMIVH-OP-iJl6bx-KwJEsBMe__3E&_nc_ht=scontent-sin2-1.xx&oh=d284233bc13adc00202024e8d23e4d99&oe=5E26CC8E","undefined","5",""
"https://www.facebook.com/vivianhsu0319/posts/2253681854881536","1558837039","明明沒有約，卻還是在香港相遇了！兩個生日只差一天的小盆友黏TT的💕孩子們開心是媽媽最大的快樂 #1314的緣份媽咪也驚了 #希望你們的友誼一生一世 
#HKDisneyland #香港迪士尼樂園 #上上週香港Day2&Day3 #香港海洋公園 賈靜雯AlyssaChia","1571722333","/vivianhsu0319/photos/pcb.2253681854881536/2253681488214906/?type=3&__tn__=HH-R&eid=ARCCD5y6eP5Tgf9pUSEMIlL_fhZyug3TQN50Y5tsYF3300IPslHAZJb2-ovKdTPjK9XeVG_7E1qNhgaM&__xts__%5B0%5D=68.ARD3ne9AtsCw-3xoCmQ15mi5Ui4xpgkLuQo4U5B3kzNwkgB24L_5esjSU5C2MJGs131PdTr3PdlqQofeo4RcSGQgKvxhxmSkQPd5i07nWNwdtljAW-COba_1uvKnG8oGGR8nYk6jc_tbiEPwFFFAP0EJiV_CjtjdGEbFXTC932C-NiX5v1_E_PXcEuD1tY8JhSi4wBImcqwXKRoYiMzzEdo4kV8Ncr6pSwtTa-QAMpo4ippOe6-fieQ7Ay9axCiiwHeEQnw1LwG-74d7_Eddzr2QK9YVvhVd3ubLUqsU5OWPcVykHivHEdbWxaKO-MqxkuE-eqEKuUVmuXHlJnCfYFna7fcz","https://scontent-sin6-1.xx.fbcdn.net/v/t1.0-0/p180x540/61166138_2253681491548239_799846747307245568_n.jpg?_nc_cat=110&_nc_oc=AQnwe1BKuQcKR31_4quLQctnt8iXF0ju3-apXXrdLYpEU98PP4t8eBuzMNvxJs3TNAo&_nc_ht=scontent-sin6-1.xx&oh=2402366d3824ee7fbbda74bbc12d119d&oe=5E1F46A7","undefined","7",""
"https://www.facebook.com/vivianhsu0319/posts/2248575348725520","1558162769","第999期，感到榮幸！謝謝Sisters大老遠飛過來😊hugs💕 #sistersmalaysia姊妹
https://www.instagram.com/p/BxHgL5-J_dT/?igshid=yjqsf68b0ijl","1571722333","/vivianhsu0319/photos/pcb.2248575348725520/2248574232058965/?type=3&__tn__=HH-R&eid=ARAJJRKVW7fVIPems4Y5e9JCbdDe1FHS8Rz_oAsV6w4wYU0cfF4_ux_ZwkyJIk9-Ovrz3nGmAZAZ_tzu&__xts__%5B0%5D=68.ARCzSbHzgqel6GJ0J-svY0gp759a3b781pcRsBQIJ3QFN5RoKZ1VXYJEB-mrWpqRAckfq2-EWF2719_ylua8KwEWATUao5bj-yqmcKe2VdN50QnomVPI3gqvxv8p7Go9jeOZ5GTop8n8nrS9K8mCgDhtqFx8a6wegrEJyd2FCqDfVg_o4wVwsA7qshSgaNV4RjC8xty1DTIBs0hsFSUtG51V_qMD-0aWcnZ-M3MLh8SvJB6YXbKpSsT1T3YGeEh83CN5G0V6loAwkMmuuhFwVKRcDUOKDBXHZjluucFIRb1KcTK9ujaCilqk_1VUBwb-182aUoeqAjXWireJPteEoey4WzZN","https://scontent.faep9-1.fna.fbcdn.net/v/t1.0-0/p350x350/60334950_2248574235392298_3361529417766535168_n.jpg?_nc_cat=108&_nc_oc=AQmtni77tdP6jE8aTxBdSMv-1fGpLCcPt0WTjc8RAZPN8_kBAo-rIz4TVKoBdLmYZVg&_nc_ht=scontent.faep9-1.fna&oh=18e628e418fd27ac97474b65dedc73c9&oe=5E1672C0","undefined","3",""
"https://www.facebook.com/vivianhsu0319/posts/2244252022491186","1557591765","Dalton第一次來香港，當然是風雨無阻迪士尼(當媽的執念)！！還好我雨衣雨鞋雨傘推車全備了！看玩累的他，可以舒服的秒睡在推車上，媽咪那狼狽奔波的背影，看起來挺瀟灑！有沒有？！
🤣 (那時我真的很希望自己是有八隻手腳的章魚) 香港迪士尼也是媽咪的第一次，能遇到鋼鐵人，你不知道媽媽其實比你更開心！畢竟我是鋼鐵V！ #祝我自己母親節快 
#GoAllIn #蟻俠與黃蜂女擊戰特攻 #HKDisneyland #香港迪士尼樂園","1571722333","/vivianhsu0319/photos/pcb.2244252022491186/2244251815824540/?type=3&__tn__=HH-R&eid=ARCDdN9Bj9eUd2Xu09rI5F6OzFMqCHcDD7HvCfomE5rqGVbuiJjEoONX_aCSZ93r-LZ7LB2RCeq66_eO&__xts__%5B0%5D=68.ARDn_-_2NcGoE0EgdHYNTjrkip0XySN8pxz02RHqcuKUM2Mm9gh0Ct9Ll1bQBiWFwWsI0e-5TWfmbY_mZadknG0WKvWLo3CusMmiWRmC4cofM0lbU4p_LpX1eW--G9fZQlg5-l_WG0TZut_9tLOaNrCJm5F3ffr6dnOry7Dx95mWk4Ylpl43TlLELoO2n9i6i0NdvzhlJ40HwgrpCFfSU6bTgs9R99bTOsuJXD44BeGnMN-1bBeAr7A4Fe1DWSvopE0vT3tSwljUouR7dOC49RCQRz7wNAIbqUwnddITxHvIjYrB-3zeuOGQ3tt9nQYG-E4NCmBExjDUzr-s7-Fp1pt7f-Yc","https://scontent-sin2-2.xx.fbcdn.net/v/t1.0-0/p403x403/59879571_2244251819157873_418372167302905856_n.jpg?_nc_cat=107&_nc_oc=AQm3-DgDBx0cs5X5aOlSLu8A9_gC5ZWYHaaAIMD4zCz-_9COmByIlsGUxm9hhizf7WE&_nc_ht=scontent-sin2-2.xx&oh=90cfb7e06e5a9c275f5f2784af380f5a&oe=5E1F5C0B","undefined","6",""
"https://www.facebook.com/vivianhsu0319/posts/2245746859008369","1557804658","如果有時間，我好想把自己已經堆到如山一樣高的書看完(包括Dalton的，我也需都先讀過、消化完後才再教他讀)！新計劃：排除萬難也要給他每天媽咪都會看書的畫面，以身教來影響孩子，三歲半的孩子吸收學習力很旺盛，讓他養成愛看書的好習慣！徐V加油
💪 #三采文化 #我離開之後 #壞蛋聯盟 #時報出版 #小時報 #假裝去睡覺 #看書很重要 #孩子每個階段不同媽媽有永遠學不完的功課和做不完的事","1571722333","/vivianhsu0319/photos/pcb.2245746859008369/2245746725675049/?type=3&__tn__=HH-R&eid=ARDHooVRUO5luYT-D0KVrTuUeKJO5N3BdKoTuYRVx7gWGDLgMs8flr5hCRYDICAiEAhl2hYbwG-jtTBm&__xts__%5B0%5D=68.ARDCWQMy5EzeSmN08iOgyU_Ivuwm88Sl43oKqfsXm4lFUMVGJv6MIV3pYjNEtlYUOPb0SylXmdrK5wBfPB3AdPJw9_S9oYEpcfETD_ZFXDtYPEZ7K9uVNQjSrERisoc-2c2Xrlw9rokN_EAoyu0zEL3LNcxlKzRI4uarTm01M-dk7atZ1-mtr8JyF3yEQAxvY3o1cnkL_RAzoaO8w4S41QZA0_6dBFqwt8tq3tGdtdcQdSvCNu22TgwTdTK2e0X__gdbbB7OLlQyN4XYHOhwapIlUW241bzgwO9inDvKPRekgXPl32zPqo7gALmS2hZZNiYKDmnp2K4Z6NasWub_20F4U2ol","https://scontent.fcgk22-1.fna.fbcdn.net/v/t1.0-0/p526x296/60082560_2245746729008382_7685578070471737344_n.jpg?_nc_cat=107&_nc_oc=AQnlh5o7HavcO0nV4-XjsnBoFv-5sdObSaA1BGKdn4xfyvQ80hBJnKXlyIkRXuzl5cM&_nc_ht=scontent.fcgk22-1.fna&oh=7b010f7a2042d45aac9671ceab16d81f&oe=5E1A9F8B","undefined","",""
"https://www.facebook.com/vivianhsu0319/posts/2247257718857283","1557997575","上週香港Day1：我說要來一杯有熱戀感覺的調酒，他真的做到了！酸中帶甜🤣且第一道菜鹹魚白菜的概念加上音樂，就讓我們都感動了，只差沒掉淚🤣
謝謝姊妹Rita，很特別很難忘👍🏻Muah Muah💕 #VEA #Restaurant and Lounge","1571722333","/vivianhsu0319/photos/pcb.2247257718857283/2247257628857292/?type=3&__tn__=HH-R&eid=ARAzSbEGmoqodHT1YgSxR6ws83u5bgfgfH94czOe4DAJCmPr8FVePI8BvY6Fj7LvmWSUAuMf3TEXYVcJ&__xts__%5B0%5D=68.ARDvJbdfmOQtIqevZJmGzYtR5HfhbKGXmah0_6ICxIcxVSMGSX4nTxp3zC8VV9JPlL1fgkNtHmCYH_ntefGwh7KpiqfY0vwrN1dV5l2dkh-39O8QBUbpuag7NmnlUkYRe_11boX4zZ6Gm7RHuMmbXDo_Z5gQkryE7I8M86u5OjIOz4n51ONMHoSVKFYyer7xkiP18LbM2Zxp4Jz7RiOhRBDpT_fPEivn1rANFyi9eBv8zcAfF2r0_8bWJv6WT7lSXcnXj4ZP1M7CAd63a987LfY0GrLMB2JslKGGB4MDQ_8yu_6r9Wm54s965DjKrlPSfUnhveR8fefnS57g2ksn1DqxNfG-","https://scontent.fpnh1-2.fna.fbcdn.net/v/t1.0-0/p526x296/60606910_2247257632190625_5239298607160492032_n.jpg?_nc_cat=111&_nc_oc=AQkTGE5S7prQskgtBx_ritosLnHLvG1gmQmFvPnurGaAbynnE1AZZcV1G3vjOKro-QI&_nc_ht=scontent.fpnh1-2.fna&oh=1640647cea0c13a951e1547650880a37&oe=5E57E745","undefined","",""
"https://www.facebook.com/vivianhsu0319/posts/2261098184139903","1559786675","早上上學前一邊慢慢吃早餐有時也是我們的共讀時間，今天我讓他練習時鐘，但他對我的資料比較有興趣，堅持要來幫我”畫”劃重點(明明只是對我的可擦式螢光筆有興趣)然後他一邊喝水，結果變這樣
🙄但我還是讚美了他：兒子，你畫的橫線條進步了也！！！但下次要小心喔(內心偷翻了一個白眼🤣) #每個母親都有演員魂 #我以為收工後不用再演戲了 
#媽媽24小時開工中","1571722334","/vivianhsu0319/photos/pcb.2261098184139903/2261097944139927/?type=3&__tn__=HH-R&eid=ARCnMSfHaB_49Xj5YarVV8dNxOKW_dTzYjUl7TxZt3kvTyHzWfzIaMqnJLBGoBz0OeqEEZAAVa1ushzp&__xts__%5B0%5D=68.ARATrQbT6WdNTPyk2psXIQzVNS2jzsjSw0pMGoqYd1H3PrsgJdfK41EUFfIMCExlsuJUsj3imAXguAFZ6jK_QX2KFaGr6rcHxF4RHcsehmPurq5HAYSdb8DYZUFr_xbfT0aQP6nBG_BinL8dInXDfeq5F68Wbp-ZUkDbG1mQtypU1YdFYbfl39AP1aAKYuc6dKKBwrDan6qMQVmsDB9_QdNe6p915whxDMrLQGgclw5aC6OOf4x363fG3i5192yY7Wy2dqtTHQUgkC0siGFIRtOzaDbIX8QrhuDdFgm48cOctdWeJFLglqsAJaY8UUKHZZ0OizoFWb2MEDRQXiqyyRl2kht4","https://scontent.fcgp5-1.fna.fbcdn.net/v/t1.0-0/p168x128/62006259_2261097947473260_1607436487425523712_n.jpg?_nc_cat=107&_nc_oc=AQnH2boY-i9cguSdVkQved1hp4iIPsXJQyha-2ucSpFO5XhUJMPkRQ-XtZT8BbRLYjA&_nc_ht=scontent.fcgp5-1.fna&oh=ac17f3a4c87762c73369cfd105c9d242&oe=5E26FFA6","undefined","",""
"https://www.facebook.com/vivianhsu0319/posts/2257822747800780","1559387741","人生總會面臨幾次十字路口，需要做重大決定。
14歲開始工作，對那階段的我最重要的努力目標是，全家每天能吃的飽、能換一個沒有老鼠的地方住、能換一個刮風下雨不會再漏水的房子、能不再擔心下個月房租繳不出來、能看到媽媽幸福的笑容。所以只要有工作，總是很開心的全力以赴，我相信只要我夠努力夠認真，「機會」有天一定會看得見我！這樣的習慣一直到現在沒有變，所以就變成鋼鐵V了
🤣 

 感謝世新大學給我這個學習的機會！感謝所有教授們的指導🙏🏻
在這個求學的過程中，我也曾經一度因為事業家庭兩頭燒及因住的太遠，累的快撐不下去⋯感謝院長一直不放棄的鼓勵、家人和同學們特別是珊姊的支持，我才終於能走到這天⋯希望徐老爹在天之靈，也能以我為榮
❤️
#世新大學上海碩專班 #撥穗了 #世新大學畢業典禮 #走進校園","1571722334","/vivianhsu0319/photos/pcb.2257822747800780/2257822461134142/?type=3&__tn__=HH-R&eid=ARAkwBh8bSr8Gd9tjPAGIhgHwe0uEY-2EMBSbMoerlkIKcZMs9vDk2u8YbwD5b0DIYrrpAhmmugOmos8&__xts__%5B0%5D=68.ARDds6S2NgDm7ah-B08EPkmjDGZTUfkHY-ZFMwF8Hoi7w1T2Mg0jSdC46hiYBMDvHz-iydb-bJY8KtDNxQDRgXl_dEC19qYI33iCrgys6H53TOS-V2eAMKDxtQ3VDOCuL0aTPy5ADpKW-zankkTicZFOB9werYI37G9nDIabn2amUhVu3n73AZAyhoacgta-wa51VCkeQTvA95R1vxGFE-6qo0j4_o96ho838U_xKVfCjFG-akv1Q5w95-ioOL48dlx5DZH3kxtj861_fYP97TZ5GsnawEKUzSu2GcMtiRDq417voerzN4PP8lEhELXWqcn6S4Mii0lFZY1W8bhv8emdakkc","https://scontent-ams4-1.xx.fbcdn.net/v/t1.0-0/p526x296/61591243_2257822467800808_8508010680694079488_n.jpg?_nc_cat=100&_nc_oc=AQmERRUrZET6gGog4yZy63ZaSOT6m79qrVqWRZHi1jVm4Xeh54NZH4n2Xr6XkyEHWmg&_nc_ht=scontent-ams4-1.xx&oh=0580a7e728254e953060e35fb97fb380&oe=5E5F7C59","undefined","7",""
"https://www.facebook.com/vivianhsu0319/posts/2287155841534137","1562993275","我們準備要跳進兔子洞裏囉～ #北影前帶孩子們放電一下 #姊弟的愛麗絲夢遊奇境初體驗 #松山文創園區2和3號倉庫 #跳進兔子洞 #每個人都是愛麗絲","1571722334","/vivianhsu0319/photos/pcb.2287155841534137/2287155481534173/?type=3&__tn__=HH-R&eid=ARCeJAuo_2YYvLV98FTI7_OF-ghGGWE9urcj2Z8K8FfVvWBSANTs7iSdEClYizg9azJSuyatjQkgHt7C&__xts__%5B0%5D=68.ARBfbP2pP2Ufi5xsZMSf9o8gqW9oCXfTp8Tnc_cWu6Coy7iS_EhYhHBI9vYB0PNZeaJFJTrcUluq95JXsob8JwQnWOYE80HGpsNX10s8kyWyWiRg7LbnO05tgUd7bdSPmlcqY2b9T4PGrKUyQLAod-jqTfR6ixzRXEqJINCbFeqFYdOBTZ9Q69Y6kztYue3Oqdkm1sLiONB5K3OS6FfA-_Y9KFMYQQL5QQNW4cdK5VO4YRySeRk_6sdmba-awunD1D8Ugg9u94HxQIfZ3w37k-6wD4RLO32aq8y5fgqAxaXYe6Lfo5wpSlLRYQEOQQO7YOLWKbDWadfwn3Efv0AC58pqy4_q","https://scontent-cdg2-1.xx.fbcdn.net/v/t1.0-0/p526x296/66636960_2287155484867506_7296564474243186688_n.jpg?_nc_cat=101&_nc_oc=AQkE-BQM6rSuQJtjqEwKt4l1HUJXmWGshwioz9TUgddZlyx4-8EACFONDV_m5v2vf5o&_nc_ht=scontent-cdg2-1.xx&oh=534fcfd6f11b27b1190a48a37c61aa5c&oe=5E1972A7","undefined","7",""
"https://www.facebook.com/vivianhsu0319/posts/2309207785995609","1565917468","唯有我先閱讀先理解故事後才好運用我的三寸不爛之舌+豐富自信的樣子再加油添醋的語氣引起小V寶的高度興趣，才能戰勝他旁邊的變形金剛、巴斯光年、恐龍、閃電麥坤、星際大戰…等强敵！
🤣 #鋼鐵V完勝 #HallmarkBabies #陪伴是世上最奢侈的禮物 #時報出版 #親子天下 #最棒的禮物 #雲上的阿里 #大吼大叫的企鵝媽媽","1571722334","/vivianhsu0319/photos/pcb.2309207785995609/2309207635995624/?type=3&__tn__=HH-R&eid=ARDNAvwXXMbaIUePzqS8tz770fX9zNvK6GqJQeVZuEGjegjawfT-wM9HBfHJ2pTXaqjTk-v1rnYM2c8I&__xts__%5B0%5D=68.ARC6jzohcujL50DA2GvgynWyBb8YAGG-WYaBHbHzwG4I3rrWkFhMQd11dgD6ZUsjQBU0w9SdRnQh08-CpfHlf9x2oi9jAIqP30V-wuiJn-ocKwtK0I0uJ7ykxmTzpDgP1_x3t96EkKRd424IoVKwdvi_z0EaKfcOn-8s5K5KfdlzYPZYCIx6oBgZeyCc21eCHmjVqBOXrMzfai_vYjWGVXdV0885qQ1khz8O6Fia-a92aV3JTQj2EWxxbWpujLfiQED1h97VGCtvg8i1n1UDcx78CkAutfKoEgGfH2CxA1aKbEPfOKqkDkeuTiTiAjE8sKAF2fsARMvZzLBc4g81eRNCY6t6","https://scontent-sin6-1.xx.fbcdn.net/v/t1.0-0/p168x128/68532631_2309207639328957_6696076678453526528_n.jpg?_nc_cat=105&_nc_oc=AQl4Q8JrLhAMY_CURWmPZID3LqLONiM_wP9ewPGtDOWhow1moiDSeyZyS_uigA664mU&_nc_ht=scontent-sin6-1.xx&oh=02a1a87ba926428bfaeb83fc3f76fc5f&oe=5E1F0751","undefined","",""
"https://www.facebook.com/vivianhsu0319/posts/2326400890942965","1568099487","今天37度高溫好熱～還好今天不用開工，走走☺️ #忠犬八公 Belle辛樂兒","1571722334","/vivianhsu0319/photos/pcb.2326400890942965/2326400767609644/?type=3&__tn__=HH-R&eid=ARDNPRg_vl1TkQmvAMJSvHNaw8so5q3Jlu-NSbarP3kgRJCE7eIk89fXf8fjxs_cOAoB2xwIeDORjDvd&__xts__%5B0%5D=68.ARBZeS2AQ_WUCrFbLhY3fmFyPfehTtmauYkC0hjN7N8vEXHXP9hibq9MOUnfh4bl9lfnaPSC97NZGPGkwzZvxF2FDK88Bt1BFfQ4V-wovOIOfbl8QvEZmozKAJh3LMc82xAcPa6ey3SHYQsxj4e57GVe38ZWDB9Y7o4JUKod28aywuMZMn6noC0P9c2_G-8ccls5QSBfDnvF0Pq3ZDpaLaADnZcc5n3UXb9OuimuU0Ixo-L3pgPQHQRvH6s-R3pU-aJnfuYYFWc8oKf1zS9aD3Tm8bdcUNfaeJd0M6JrSLeksW72piCE-o4W5i0HAofEJBVCXvqojmv78PStdmu4n4LkIsIe","https://scontent-sof1-1.xx.fbcdn.net/v/t1.0-0/p403x403/70236001_2326400770942977_989777618544885760_n.jpg?_nc_cat=105&_nc_oc=AQlvYCjqDsoe3_kzhfgTXQSN_xAyb7DDOWAlCVfNplZAuzn_lfbrSZAJT1V1SeGgfq4&_nc_ht=scontent-sof1-1.xx&oh=2d84a5e956f66759ecbd07e55dc307ac&oe=5E2CD3C2","undefined","",""
"https://www.facebook.com/vivianhsu0319/posts/2313768625539525","1566514112","早安我V寶們～還在賴床吧？！今早的陽光好美！希望明天颱風不會來🙏🏻 #穿新鞋開工 #终於等到你 #Nike","1571722334","/vivianhsu0319/photos/pcb.2313768625539525/2313768582206196/?type=3&__tn__=HH-R&eid=ARAF07yzF1ol60jUIUJfgqvigNEkSJkY_8OStKp4tNCw-7w5nJsIeE0z82nVveWbfvZJLWuipsZ0tZob&__xts__%5B0%5D=68.ARDK1Psl0pyrQ5akrC5YHfeED0mlWEscctD_F_g4eIP49Kkrfu8HmsxAZaIh6jIxUDjQdWx63FsQFFdBZIySjU9RaHqPzpgwHqaTp7Qv4ujKt922XjYiHjvvuzS1t8tCY0bUmZBQzNo7jRpVATbCqVU8M0WbNySpnK_5Yom1moJLOhuOt58i6RU9FLtMl0iYSVavSXd0wYEI7wS7h8Kq62k8gX98BU9ymog3sBW0bLofl6YsgrwcFYN9sAI4EqyfQtW6NV5_2SXHCGO88hKUiWNaOmJbpj1OBWz4HvLtEeLLqQzA4uYHLaxm7jRw9icRdn_2iX4Ge6qtYE82lqkcYn1yYXrF","https://scontent.fbkk7-3.fna.fbcdn.net/v/t1.0-0/p403x403/69133729_2313768588872862_4497193288511520768_n.jpg?_nc_cat=100&_nc_oc=AQlVx9SdJMJIG_WOJ-lCG-2u1N-xOG7pW-j-vy8LGruwmVYyfzUZRwJPv7FxA6gdR1I&_nc_ht=scontent.fbkk7-3.fna&oh=a8e9b61d4eb666c63c59e2e6f71919af&oe=5E19977A","undefined","",""
"https://www.facebook.com/vivianhsu0319/posts/2239805566269165","1556960020","天氣這麼好，不來植物園就可惜了！來，大家一起吸收維他命D，曬太陽行光合作用🤣 #有朋自遠方來當然是肉骨茶 #新加坡 #botanicgarden","1571722334","/vivianhsu0319/photos/pcb.2239805566269165/2239805466269175/?type=3&__tn__=HH-R&eid=ARAyV0ybegoycBVkwaZdZxqUU7ijpVmHKAIeRieYdY18NoQdJktjd-Axrz6tfiltlbX5sj5d0BTCqkm6&__xts__%5B0%5D=68.ARDs1-evN1Iw0MYd7JYVziW72QvtVL2xbFQn5tKENlEmISUJ4YxWKScWAQ4FvzC5p9YBeiHarQOqKdAoyrf3h06bPRhrlairr3GbCax6JJ5ceTWDVgTpDpqbSt1qS9AgkRQuV-WRx8E1cFbTpUaazt9URMKuJhVi-QCuhPfg6LjSLpVdWQm9wnd5sS-sg5O18r1-H5hSbtlO3kxlIXEVLHDNYGUaoymnN83YkNSyNEO4e-Wmmp60OKPBsgEJ1qz8zhvOSK_PM9QwuHff0Q5pPJ3_56ReOLlXgBwKhr4m4b3wjkk2-9KjyJO7zcr2mTjt_0wpkq81YOV5KvULnQKqgaf-adBY","https://scontent-iad3-1.xx.fbcdn.net/v/t1.0-0/p480x480/59701644_2239805469602508_2779286101884403712_n.jpg?_nc_cat=104&_nc_oc=AQnGQ00TIe9WApylbl42GPEUU3wEcLDL-4WAIgPvur7bwsj0fsjAlO9hSWUqhMXV8AU&_nc_ht=scontent-iad3-1.xx&oh=03b89cf2a569d1e2741be878b30e793d&oe=5E29D056","undefined","2",""
"https://www.facebook.com/vivianhsu0319/posts/2348698895379831","1570628677","恵蘭啊…… #Misty #謎霧","1571722334","/vivianhsu0319/photos/pcb.2348698895379831/2348698772046510/?type=3&__tn__=HH-R&eid=ARDcBOSb07qwoibO6DG2ka8EkCn4OqJ-zvBDdiSYvzO2_C7xyDeuBKdLq0YsEax3qVkLv4TPogHKzjTG&__xts__%5B0%5D=68.ARAnC2QNSPHxGZtGpAKvYKqY1od2_WJBGP3Zhxy42WimOuo54e_bgR9TCHlFz9I342Vghk8c7nKZUhh_oOvtK9gPORV957DBuw5m6H1XsCMNBScERdmB7kVlSIR1G-bCIIpfRmzgCxQWusRhuerkguBLZAUcNXfLpiCPRKlc5I24qdjc45yV2Wnlpzq-RLhHiuzPumkTXee7KlVJetIH_OscKdf9yS6P44k24tc164OWscaENSDWELriU7R6UWEwfhjxu83NOoPEXX0qq04vS1Tu88WZt74adcfk8yJ5Kf-66URrIQfjgJ_dSNao-wtuKmbVBx79NGy_bSmIsFvsLPlAITE2","https://scontent.fath3-3.fna.fbcdn.net/v/t1.0-0/p320x320/72333837_2348698775379843_6873233638348029952_n.jpg?_nc_cat=105&_nc_oc=AQlO441BlaSSU9r1MXTmtc7uIUZFIQ84KrrXRGG04dvHgMMEwYwJT2NdwnMXrd6szYE&_nc_ht=scontent.fath3-3.fna&oh=103190059d149482b155e6ecca7e683d&oe=5E1D3737","undefined","",""
"https://www.facebook.com/vivianhsu0319/posts/2312320002351054","1566323812","每次逼不得已熬夜的隔天，就是需要一個好氣色！或直接戴墨镜把黑輪遮起来😅Good night ～ #怎麽講不聽我又熬夜了 #肌膚之鑰 #紅毯氣勢 
#CARPETTONE #資生堂極上御藏光羽紗煥氣墊粉餅 #2020EYEhaus #FORARTSSAKE","1571722335","/vivianhsu0319/photos/pcb.2312320002351054/2312319749017746/?type=3&__tn__=HH-R&eid=ARALewOpqs3Zx5Af1KIuB3ekO_RLc3ATitgxFRj9Iqs3A8bO580OMGRTvAMOepxsLAXjqfswe5TKm4e7&__xts__%5B0%5D=68.ARCa_3fB87e4_fLUz0s3vGi8XET3f7app60cAQYeqmCs1E247XfhLBFJYG4sWIgbBRgWRRU27xk54Qdl3IqBLIRKV-HRybIDelXb_JQLYdyeIwTDsA-PVZExlFyBIQrb1yGJ7HysQ2fnxJ5U25XRjUjYlKaCgdlM3az7rGIAKyScMC114PN-9I51XZW8yzouarMmj-Yqxkv6iS362QNCKp29F4tDrg_50poGI-ah_1Bjx02DzAEsK4_m7qB0a70-Ph331-Rv5-BAR-piRkBXs8SUzkdlrPCMcuqye1PUbviqvWutgZZIuiVQA1tAHj8HnVHXrYoYRN2d9PnAW-vvt6ytdTcn","https://scontent.fiev4-1.fna.fbcdn.net/v/t1.0-0/p168x128/69136413_2312319752351079_1943123533483737088_n.jpg?_nc_cat=106&_nc_oc=AQl-4G87tWiYBTFYlAOrhg3_p11ojnnacg8zSOf6ZAQRI30nO4Z8Bp2-xGl85j4eOQw&_nc_ht=scontent.fiev4-1.fna&oh=bee118d07628910f045bde03602e20d7&oe=5E1A09F0","undefined","",""
"https://www.facebook.com/vivianhsu0319/posts/2248677825381939","1558178161","小徐第一部監製的電影「孤味」請持續追蹤「孤味」臉書(是孤單的”孤”,不是狐狸的”狐”🤣)Tks🌹 
https://m.facebook.com/guomiethefilm/ 請多幫我們宣傳喔🙏🏻 預計年底或明年初上映 #電影孤味 #是孤單的孤不是狐狸的狐","1571722335","/vivianhsu0319/photos/pcb.2248677825381939/2248677615381960/?type=3&__tn__=HH-R&eid=ARCSIb59FCE4Ct5YShyvCaMb6VNi3o_Yi3Magd__a7QXnbXGnfEwW0mobfQ0n1AbM64lKUD3vV1uEdyQ&__xts__%5B0%5D=68.ARCxup4dckhO6c8fTnOJ2tW6BFCE6bN6T873_CQzv6W4XIJkLXEGEqk5k7F5BkCe0bbKRPnifTLMmhEgXTZ5rVPOUsUl7t3Yr43WW4Rr-qmO8vBwLq_ilFg-fx6oah5WsIATzSZAjgGg_0aC6v4_l9rTDOkb6GXeBH70zHdby3Ok0lC4X_JUd3JI90F_ZaVW9X9orW_TcIHdwuE4rbERPesQIcR3gqEwSjsvOgab3osN6oKodFJUGKeZvFRLpUasX4hhf3co7cPcM9S5o-vUaHQauaVOyY-rXbOV3opeXYxy8mYce8v6aXnI2ZRMHdPpOHvz085rM8oua-VEvjrc79Wkdc9T","https://scontent-arn2-1.xx.fbcdn.net/v/t1.0-0/p235x350/60580923_2248677625381959_6891186451321454592_n.jpg?_nc_cat=111&_nc_oc=AQnyRQxE9W5QEaMuNtJ6WqqadWeZxkgeLKk5Vku3tqb6HLNh0G7PXof9lCnxYeNvLWI&_nc_ht=scontent-arn2-1.xx&oh=20b0386900c088faf706c88e65c40957&oe=5E5C8956","undefined","",""
"https://www.facebook.com/vivianhsu0319/posts/2287268081522913","1563010329","剛剛在家裏突然收到這美麗的花😍謝謝貼心Sweet的珊姊💕也謝謝大家的愛～#Bapestoretaipei #CITYLINK南港店 
#peanutsxTHEMARCJACOBS
#MarcJacobs @Imaginextw
#東西邂逅萌寶貝瑞莎xNika的幸福零負評教養日記 #小時報 #時報文化出版 #今天我們來說故事 #sodastream #spiritonetouch電動款 
#樂腹 #lefoodco #奇亞籽泡泡茶
#沖泡式珍奶","1571722335","/vivianhsu0319/photos/pcb.2287268081522913/2287267744856280/?type=3&__tn__=HH-R&eid=ARAYIHBtDQr2zwHhXgw-QLR3OfxEbCtvMSf3yxrgFC1aVKirPhKQA1hGgSHoR1OPXNfcTAZC6zSihlSi&__xts__%5B0%5D=68.ARBpnLO54F44LvAAD1thOTn8YteuA4T9EtCupWCBGfeQui7sYCyk095p488kqhmdRUU-c0ecWBd0a1_drat-OhJLQKfsC1dhlNdXIIRgE77pAtFU7800lQInYEeUrAiOlsf-wsxJzeFEc3TqxELnXY36BrM9Q0gi0lCIUqSFC70bphb5-SELexDONsBpTA-fDFhO2ucUOp_MMwQqR2TKXmapV0zmZ4ol5_6YSUojI4I7pOyrVar8-xf6QXt5FeAZ1OaKkDeeeuuTHjJVTB1Ygq-aKSE9I7zepSxTE1z_4C7Cf6KJ1ohLcnX9YpNH05N8bzQFnmraQ2BMEMe9K5_Wlf3rgsfb","https://scontent-sin2-1.xx.fbcdn.net/v/t1.0-0/s261x260/66478582_2287267751522946_2967289421864370176_n.jpg?_nc_cat=110&_nc_oc=AQmMC7c25jmkktFkkwFed7rDlyV18iPKrCaul4rocEtPPrchmjsfHFQDjQ4rfLFyUf8&_nc_ht=scontent-sin2-1.xx&oh=57577853e11e78bb63f7f513ef393b54&oe=5E2336C7","undefined","6",""
"https://www.facebook.com/vivianhsu0319/posts/2243505852565803","1557488943","陪伴我們成長的姊妹！第999期！👯‍♀️
#sistersmagazine #sistersMalaysia

 
https://www.facebook.com/nexttrend.sisters/videos/340801726623307?s=100006323706349&v=e&sfns=mo","1571722335","/watch/?ref=external&v=340801726623307&__xts__%5B0%5D=68.ARBWu9epTubucWqqRLUcJ-CLx_jEcsoylAJApe58e0yJXNwG0uCE3znY8l0EwSuSjm_LunmY-cLnsh39WIm3Je-2Lgj1gYh4hIbLWmIem3habZFphA0EDkOrWTV7hFJAoFJ1MJZskfBgi8gR8uM8QGLd91L5525xlU9W5D7ITrq51ob9pS5_FdmETrfbq-FXgJlRd0yBCZh27vufPBsC-LO6l4Pq7-X0HR1_mGvAXlsjT_PrUDWjGooLJWjUtxaR8adfxKcsW_KEmjFuODE_DJmPMnZqet0hitysHM1dMfp0Z7jT-aZfcxpAQhcwMSGbZorG092kikxqzW6zSNzUBzUM_c94XK4weif8LLstNUAlv2Nh_vuNJLXAi_IefSSbGs-5aiVbJwmXTXJU9GYmRPF_i6P63CwFetw4o-SLk9EdgyCrgvA_XqH_TG4cjUyarEWI9Tm9DIQlbKRdNhFgG5AsED8756iaY2Zovr7KLCnEQuXGAj-sVwlEtk2ngYyz7-Gpuw&__tn__=kFFHHH-R","https://scontent.frix3-1.fna.fbcdn.net/v/t15.5256-10/58643420_340802126623267_8649643884478988288_n.jpg?_nc_cat=101&_nc_oc=AQl4DN72MMF4R4uSL9qZPpBFcr3iRXfAgIKk2qPXqJHHZHSG3-WPXGW-2H_22FdnZ1Q&_nc_ht=scontent.frix3-1.fna&oh=8659c134adcc8bc57fbe00ad517616b2&oe=5E264EA5","undefined","五月份封面人物 Vivian徐若瑄","Posted by Sisters Magazine"
"https://www.facebook.com/vivianhsu0319/posts/2247982222118166","1558089765","有時「退一步就是前進」生活經歷好的壞的都是演員在表演上的養分！婚後在生活上專注扮演好妻子與媽媽，戲劇上停工四年，再回來演媽媽黃雅惠，有更踏實的虐與痛。
謝謝台北電影節、謝謝評審們的肯定🙏🏻
雖然早已不是新人了，依然還是驚訝到發抖，工作快30年，第一次在台灣的電影項目入圍，結婚生子後加上住的遠，每月飛行灰頭土臉的忙碌，謝謝老公的支持💕
讓我堅持繼續自己喜歡的表演工作，各種的不容易。但在角色上全心的努力與付出是演員應盡的本份。感謝導演、監製瀚賢、吉哥給我這個角色。感謝綺陽老師在表演課上的引導喚起許多我從未在表演上使用過的肌肉線條增加角色說服力、感謝鋼琴老師Dawn,特別是小宇老師特別指導鋼琴程度很差的我，如何彈好表演好那首困難度爆表的魔王。
能入圍，我真的很滿足、很開心了！再次辛苦人面魚所有團隊及我的經紀團隊威威巖！謝謝所有買票進戲院的觀眾🙏🏻也恭喜人面魚紅衣小女孩外傳入圍四項：
最佳剪輯：解孟儒
最佳視覺特效：兔將
最佳藝術貢獻：百嘉堂(特化)
最佳女主角：徐若瑄
#第21屆台北電影節入圍名單 #人面魚紅衣小女孩外傳 #導演荘絢維 #男神鄭人碩 #威威巖娛樂製作 #洪綺陽老師 #鋼琴小宇老師 #退一步就是前進 
#生活經歷好的壞的都是演員在表演上的養分 #謝謝大姊幫我帶小孩","1571722335","/watch/vivianhsu0319/?__xts__%5B0%5D=68.ARBEhL_NAAsKbzjKM23k4VOsxqbjPfYngB9sORQ05FZcgt9nctjSM-zK2Uo_XmMN6RM7u80q7kNlOAmnPfUQHsfacmM2Qmrks8vlB9RvR7peweWc9YzF7SVNi3kMKJMJJWaoSeW1w2FdeyNB_6XcmAVdQIAk6eqN4dg_U4urhH1ix_q8QRnDbyCUgTsjl6f-jfLQBA35f_lKo3MhqqvvpxRGBRVjW0RRKeif39b-uq65KzuwDnd-owmNMbtSPYnn_Ojhrq7kn1d1bmkpoh_Hfop9Wf21hN1_cngKIWgeUJ0QUEr4ljgebWHwY1j9H2fMuNzMvhHHzPpRbJo68gty5xV4KgnnxDzzvogVKhbk&__tn__=kFFHHH-R","https://scontent.famd4-1.fna.fbcdn.net/v/t15.5256-10/60354858_885335858479943_8375336087198892032_n.jpg?_nc_cat=110&_nc_oc=AQmwg7oWUgSfPk42XtgMZnCrTd9Jwi9rOdCtU7I0Jfzrq6ciB0cNY3bDZRIUu2WKADY&_nc_ht=scontent.famd4-1.fna&oh=17b4fd690e1ba0da77121270bed59e30&oe=5E64C91B","undefined","徐若瑄 Vivian Hsu","31,297 Views"
"https://www.facebook.com/vivianhsu0319/posts/2263351407247914","1560064521","我也太容易滿足了吧！他不過是分我一小口，媽咪爽成這樣 #因為吃到好吃的他有想到我 #你媽發誓回到想當年","1571722335","/vivianhsu0319/photos/pcb.2263351407247914/2263351270581261/?type=3&__tn__=HH-R&eid=ARDxHHpW20MIArfP3-nalyP1JIcy4vwnjwBtqHNjb6gsAZ4F1QeeeSbE8QgOar_MHtYJvBV0PRTjSKur&__xts__%5B0%5D=68.ARBfyhPt89yl9lp1T55G9zExUKsa08x08eaRSq22UQShR9engh6ml2_-QS87ZTaohOWLCUsvTI5gtQsm-ZlwtPr9eMFpyr2hiVHYYIDFTPs3AdF0GaOceHSFqpvaaUzOWd-TyOcmRjgGXDDLWIvCmM1Cx3IFqBUGnSTMxxwrlikZ0YOPoPtZb5WktpiO2VkOs6y38GhnTK51ejZcCR_Rcx3rpLuTMq1fAGyIeAAIWn3QQ1kd7hHgu2_c-RCfPCi6crFaAatcvEmctE4JTTiNR_xiorMF4dLKrL48LDUm-K0xMmnFa4wGjQJgRysP_UbL7To4y36GPU0laNBocbFe0JJrGyLT","https://scontent.fmex4-1.fna.fbcdn.net/v/t1.0-0/p403x403/61947621_2263351273914594_3089351280020160512_n.jpg?_nc_cat=109&_nc_oc=AQkbNxQPYr65rV9ljpDADZ58etBCZI8gJeBJyn8UQkfJ2sElNslcyUEMb311jx1sWQI&_nc_ht=scontent.fmex4-1.fna&oh=fd16da6258ee70c164076b64e25e9b60&oe=5E63782E","undefined","",""
"https://www.facebook.com/vivianhsu0319/posts/2247983218784733","1558089819","有時「退一步就是前進」生活經歷好的壞的都是演員在表演上的養分！婚後在生活上專注扮演好妻子與媽媽，戲劇上停工四年，再回來演媽媽黃雅惠，有更踏實的虐與痛。
謝謝台北電影節、謝謝評審們的肯定🙏🏻
雖然早已不是新人了，依然還是驚訝到發抖，工作快30年，第一次在台灣的電影項目入圍，結婚生子後加上住的遠，每月飛行灰頭土臉的忙碌，謝謝老公的支持💕
讓我堅持繼續自己喜歡的表演工作，各種的不容易。但在角色上全心的努力與付出是演員應盡的本份。感謝導演、監製瀚賢、吉哥給我這個角色。感謝綺陽老師在表演課上的引導喚起許多我從未在表演上使用過的肌肉線條增加角色說服力、感謝鋼琴老師Dawn,特別是小宇老師特別指導鋼琴程度很差的我，如何彈好表演好那首困難度爆表的魔王。
能入圍，我真的很滿足、很開心了！再次辛苦人面魚所有團隊及我的經紀團隊威威巖！謝謝所有買票進戲院的觀眾🙏🏻也恭喜人面魚紅衣小女孩外傳入圍四項：
最佳剪輯：解孟儒
最佳視覺特效：兔將
最佳藝術貢獻：百嘉堂(特化)
最佳女主角：徐若瑄
#第21屆台北電影節入圍名單 #人面魚紅衣小女孩外傳 #導演荘絢維 #男神鄭人碩 #威威巖娛樂製作 #洪綺陽老師 #鋼琴小宇老師 #退一步就是前進 
#生活經歷好的壞的都是演員在表演上的養分 #謝謝大姊幫我帶小孩","1571722335","/vivianhsu0319/photos/pcb.2247983218784733/2247982952118093/?type=3&__tn__=HH-R&eid=ARAYwfBHWFO-a0DdgtULztPe3hdFC7n-64TUWQjqXjFqrN8C9f_jqVswhSgQDIM6Rx64cxW4i6bC3pOM&__xts__%5B0%5D=68.ARDKYbo37ogJ8vYpQ0p2Xi5NCD_2k1jdsU90WPAaDfXys-KNtC-oxjffd9vuKmvPLKtC3sPcx9Ru1q3iiF3jFGNQbW9hUhFiiccHuig80zWV9BOxhqkE9mhDDNDguAZ0KFMg-241cphOzsHiEhTy0ARzCronySW96KdX_haCprvT5OeUPbCv2glIOuJ5NsdB61SbPLVjStabVr5cq8O2wypZv1e45FCggPlq9-N9Zfh8b4tAPapQd4_CvmyonkczD5BV04T_PM5lo-gTQos3cqDmlJeXxNdSPhNbViaV5MbX85QrD8_7i-mvMvmOPuO64cvZiWWA-heqSR44shO85TdDDSGz","https://scontent.faep9-1.fna.fbcdn.net/v/t1.0-0/s600x600/60358765_2247982955451426_5189063711888769024_n.jpg?_nc_cat=102&_nc_oc=AQkp6Q6ruY8FwReF8kHp0Y2P5uhgP-otcRgGG5wVoTZrPGLMqWR4PWy9CPP0OykBxYo&_nc_ht=scontent.faep9-1.fna&oh=7b5eecd3238033afa63471bc890b766f&oe=5E24C492","undefined","4",""
"https://www.facebook.com/vivianhsu0319/posts/2344394165810304","1570158444","做媽媽的，没有個三頭六臂怎行？！為了讓他在學校慶祝主题為Monster的兒童節Party上能很有自信，第一次畫吸血鬼妝的你媽我在前一晚先在自己臉上不知失敗了多少回？
🤣 我真的不是被扁後的蠟筆小新‼️祝大家兒童節快樂❤️ #德古拉伯爵 #吸血鬼 #沒有昨天的失敗哪來今天的成功 #化妝師鋼鐵V #2019新加坡兒童節 
#我的第一次吸血鬼妝獻給Dalton
Being a Mother, you just have to be “Jack of all trades”! In order to make him
feel confident in School’s Monster-themed Children's Day Celebration, I’ve tried
to experiment with the vampire makeup on my own face the night before... but
failed many times trying 🤣 I’m really not a beat up version of Crayon Shin-Chan
‼️Wishing you all Happy Children's Day!❤ # Today's success # Make up by IronV 
#2019Singapore Children'sDay #MyFirstVampireMakeupForDalton
お母さんとして、八面六臂でないならどうしますか？子供の日に学校が主催するテーマはMonsterのパーティーに、自信満々でいるために、初めてヴァンパイアメイクをするお母さんは、前の夜に自分の顔で何回も失敗したと思いますか？私は殴られたクレヨンしんちゃんではありませんよ
🤣子供の日おめでとうございます‼️ #ドラキュラ #ヴァンパイア #昨日の失敗がないと今日の成功はない #MakeupbyIronV 
#2019年シンガポール子供の日 #私の初めてのヴァンパイアメイクをDaltonに捧げました","1571722335","/vivianhsu0319/photos/pcb.2344394165810304/2344393562477031/?type=3&__tn__=HH-R&eid=ARAJayKofvYiq3QkdWpiG7VrhOe8ZdJSEMa_5rNvNFgOfpG0HCs3A0Z-pUroxpVR4GhOLCYFYya-8EWp&__xts__%5B0%5D=68.ARAnVy7zBQFn25649vUOaXjmc_-5U9VDb63uNbglsboZJmebPO6OOyons2P0gwVBaWSFFhWJY8Z_uQlJgYGx2-VQ1ViX7kpjZd9yHekprIinMCi5JsaEdKcXqBSCK-S51slfPNRRWKSrWY35CzxEHK5yxbSOYMT4E1euTuViGO_UbqKUyqRBxT7x2U0UGG3-bH2SVGcyeDt79LwmGEZCBohk18evJkdHzTDxOlpW4rM8fn2iZqRoujE8OluhEprEEaHUcq3wK72DSR72sZ-CHJL_mH5KeL82PtuSDTBkkIpvyDN_B271orhHTW6SOiWUm69GN3l4sEAmtdH_JhEMPtDR4eqt","https://scontent.fevn2-1.fna.fbcdn.net/v/t1.0-0/p403x403/71346675_2344393565810364_5987505742897217536_n.jpg?_nc_cat=109&_nc_oc=AQnshF1pyUtoXF-V9WInKadwgTiMLd04N-8nGG1M6Wbr4KQ7QB9xOcY3E-s6ZpLoQHo&_nc_ht=scontent.fevn2-1.fna&oh=7d76ee9e90314c13c889960eaaf5f93c&oe=5E256344","undefined","",""
"https://www.facebook.com/vivianhsu0319/posts/2331817773734610","1568732735","第一次的Legoland，我知道你超開心的，但可以不要擋住我的臉嗎？ 🤣 #9月8日2019Legoland初體驗 #見到姊妹好開心 
#keiyasuda1206

 First time in Legoland ! I know you're super happy, but can you please don’t
block my face?🤣 #FirstLegolandexperience #Happytoseemysister 

 初Legoland! あなたが楽しいだと知ってるけど、私の顔を隠さないでもらえる？#Legoland初体験 #親友に会えてちょう嬉しいです","1571722335","/vivianhsu0319/photos/pcb.2331817773734610/2331816887068032/?type=3&__tn__=HH-R&eid=ARBv2jDAxTznEet1K3CW3B-UX7M9Q8z0QC3ugtXWlqttUudL5iTbhbdtbaXjgCbGhsuaoMpxAfTDpY3J&__xts__%5B0%5D=68.ARBefcImVsgtGf7c8Fg0iHULVIOOH6K-HeC_UVTynNmo7bm_bKrP2gG1Y1pzkUBtsZsVF1_9EQ3lIWnjoYyK_-2a5dMlUem7iKwnUiM3MV_Jf4x5y2NboZPO6u-ZzMt6MK4cXh5waWHpAsMCEggZweRePQZn4-cmBUixcjnJSH57SDrwUIXk9YzXurwk9bRKL03eeRBRzUAaZfEHtSY63OSm44h7UvfzFsnCsJiibgB_xey6qnequx2fHV5_XkOMbVlz1VhWPVoRK7oQTbgc8IHEDzBlcX_sXkjiYEk7d-OJcz2qL_ztvirUiayp2ehYC1FsOc01i5tgnAdNNwJNtcK3otLG","https://scontent.flim5-3.fna.fbcdn.net/v/t1.0-0/p350x350/71140469_2331816893734698_5300751175325319168_n.jpg?_nc_cat=105&_nc_oc=AQnbugbcDR_MWZYRU0xS60zvMzKnSIcbVbb0T0LOAQMuLSfW864o-xUvZfmLDOM2arM&_nc_ht=scontent.flim5-3.fna&oh=cbb19ca8601f8fbc4b1f5501a9fb7086&oe=5E57B806","undefined","",""
"https://www.facebook.com/vivianhsu0319/posts/2276781212571600","1561680359","早！等飛機消磨時間 #飛了已超過70次的小李先生","1571722336","/vivianhsu0319/photos/pcb.2276781212571600/2276780835904971/?type=3&__tn__=HH-R&eid=ARC2m59TEht3B1TrcUJmCLFWb7iFPjCG0OpX5qkzSHPce8bbn5x4hIiJ0aj8M_qResAuwWZEsVWwTiuT&__xts__%5B0%5D=68.ARCNeUettEEimXANETpjBywnVUo2Ev7s-QapDK_UO3opoukq7xewU_mv23P6JBrSRMwoIeBpgx9wKJz9U2FOafnlwcRQLYblZAdh-dtzy-BPvHTJUEEEVkhVrtCli0lp9LG2FXofd4bgacLH8GNcx60iajhDNQydu8S9uQyj_7hb7hBkx9C95QaCdQC_X8VqlMK7CZYRFljASwDCeQgLyI2qfnpYL_geAN4NmCv-DreIkvEoE-edK9-VAeJ6-G5v5RaxExdjTXw-ZPeydDcFm3ZWx7nHtmdSa-7qYRPb02dnQ5gHBKkVCOXciOmaWIwxQr5Tqc8JvsufZ6Lk_-487MhMTZ12","https://scontent-sin2-1.xx.fbcdn.net/v/t1.0-0/s600x600/65484882_2276780839238304_7195329883168309248_n.jpg?_nc_cat=103&_nc_oc=AQmIAjnosiAsgmAfkqcBqKan3ryLL8hTvtmjVeQou47FXjJ9laAIIyKby87kSKxTaUM&_nc_ht=scontent-sin2-1.xx&oh=8c8033fa9388e45a712b3e5d26231d18&oe=5E291175","undefined","7",""
"https://www.facebook.com/vivianhsu0319/posts/2245427869040268","1557761548","雖然我們不可能天天心情像花一樣美麗，但只要對自己的每一個決定負責，在自己的選擇上全力以赴，依然會散發光芒😊 Good night ~ Sweet dreams
睡的香甜💕 #Gucci #miumiu #debeers","1571722336","/vivianhsu0319/photos/pcb.2245427869040268/2245427769040278/?type=3&__tn__=HH-R&eid=ARBqQAEEezW3MKmqUT5h9zuOSm7tZ4FPF08q3hwWofM-WJ_Y4k_Ylfo4nFVtNLxwkKf5bNuUppiYcKr4&__xts__%5B0%5D=68.ARBJLO1UtDHr6m59d9EhKdKKiPsff_YKlHjWU1QwLfu9KQ3d9zA3Wi1lqcK5xre8lYFVF8Dt4BXgWC5SLSUrI-phfAVAE8lbX4IMIrLo2fKOZzVq3h24qlxsb9vH_gZBzMNHXOuXoxggTtZfX8JTZ6thZCgnCM-dVmBlSH-si0OOQzzRVf7zDhOxIMnBYd9G3f69Yu1DPjogw_F5R8AyvcPtUpHFTCYudhfAr6vt-cia567ZFtyx1K-uPW2L5MXHaoeVa9pFJV-FYEMX-nLNhPZkzhdGTQ3cQoaAsjzrQskwtIOH-Fh0iTDjLwKU5xfblPBjdzJnxWkW6GzAvs1yzp2iXdBf","https://scontent.fxap4-1.fna.fbcdn.net/v/t1.0-0/s261x260/60344023_2245427772373611_8950866987672666112_n.jpg?_nc_cat=108&_nc_oc=AQlCXJ1a5oMt6y1IIsagrRjBK4euRjEguS9R1oGbOvimZI28TRnyFd-_T5x2sh9T0cc&_nc_ht=scontent.fxap4-1.fna&oh=32b0f1804d9693f04137de3e0bb9978a&oe=5E299297","undefined","",""
"https://www.facebook.com/vivianhsu0319/posts/2247498915499830","1558022429","上週香港Day5：孩子們有同齡的伴真好～看他們忙的咧～謝謝最美的Nacy阿姨&最帥的Frankie叔叔💕有你們在的香港好好玩🤗 #MissHK 
#出門在外靠朋友","1571722336","/vivianhsu0319/photos/pcb.2247498915499830/2247498552166533/?type=3&__tn__=HH-R&eid=ARBeoiwxkHg0jbTEHA_cNfjIgxFGU_K8FSvFyVeJSryXaas6IWOPhiDWuAgtFR07KQs9ygthM1b3QOL8&__xts__%5B0%5D=68.ARCCvEvMxpc39J30ed5KRg5HyKFgOBX-713mZ26NemzSwrygbRA5MO64egpTIa2DIaxTgEUfkDGs5IhmIh_S9oQoy8E09kr-uVPa69C4atFoyIKCMCKHlpGsNk1aTLaR_tJ3rVDVBAn7AH8m8E_GpI7cG1yHXGLwgwXr6lm41ZQ6ZhtbsxTcy2sTvMuAh3yFi1LrL8zp-Sh0-TSZdrZjLZ2sKDGH6xzUufwd55W83GyNgyMljhMLiNSg03BBt7ARnA91PvJ0MUj1fw-mhWcn1F2uWeRzpAJwpSij1MksLANit6HOTUr49ZbOsWNt06x1GbVG67GdgP2dfTEXXZ8UbJ8YYbsg","https://scontent.fgcj1-1.fna.fbcdn.net/v/t1.0-0/p403x403/60782677_2247498555499866_2955841560199036928_n.jpg?_nc_cat=108&_nc_oc=AQmICVC7pJjAmAJ4VPemx9Zv6b3OAaE8cxLcx8nYAV515kYc24lgToVp1eFGVD5UWOY&_nc_ht=scontent.fgcj1-1.fna&oh=71281b8456ca789e53e2d5d49718ddde&oe=5E1CB0C8","undefined","6",""
"https://www.facebook.com/vivianhsu0319/posts/2357058847877169","1571481992","娘我小學是田徑隊的，紅色那位果然有遺傳到媽媽，姿勢有帥！每次回台北都很開心！
Your mummy used to be in the Track and Field School team in Primary school, the
one in Red really has your mother’s genes, the posture is perfect ! He is always
happy when he is back in Taipei
お母さん小学校の時は陸上部だぞ！
赤い服の子やっぱりお母さんの血が引き継いでるんだね、フォームが格好いい！台北に戻る度にいつも嬉しいね！","1571722336","/vivianhsu0319/photos/pcb.2357058847877169/2357058414543879/?type=3&__tn__=HH-R&eid=ARBy9hIGjGT4dda-nJ1G3I5V6i6TGIhDvkMtP43hD4rE1NkCA9kwUkJowVgQDd9ugn2TaUKP4fgm63KJ&__xts__%5B0%5D=68.ARDjtiwVOLwvQMZJdlGYy5pM9lOerX0U_XZvZ5gKOTP-Ot1BukJWCpKG5Bi160FOm3rxf_vMOmBpyoGlW0j_eiC65ub0OUYRDE9OzQC7pxXny8aAMZFQoC9SGyBvel5Y-KHL8tXgx1XjIBkVLGUnDUpg7hvoJrX9UGU7aAm0mJbszFOpLsB5d8p1R1t8js4u367voE-SYnhj-VJyC-t3raR4nWBNMyajP7IvD_wV4HZh2IDtoMN1eKu5LnK-zL6K3ebNudNoUlhQUi4RhubxqpCczN3FxHyvTGSK0NCJpxuQOVCb3Wgex9hxhOKdgEMkJ53rBnD_midrp2glNfsXJFSEqNQG","https://scontent-sin6-1.xx.fbcdn.net/v/t1.0-0/p480x480/73321663_2357058417877212_8217953788095365120_n.jpg?_nc_cat=107&_nc_oc=AQmv5gDtEoubQhakzIgNr01NFQLspLHofQxbTdZBHA5U01Ua-TC6xwfdC0Jqvdt3yb8&_nc_ht=scontent-sin6-1.xx&oh=79deb33b220499d16e9e75a42040bc33&oe=5E6057F6","undefined","5",""
"https://www.facebook.com/vivianhsu0319/posts/2307685069481214","1565714432","生日快樂小巴斯光年！媽媽愛你所以不溺愛你、媽媽愛你所以只讓你撒嬌但不讓你撒野。你的笑你的天真你的信任帶給了我很多快樂，你的淚你的任性你的無知，也讓媽咪成長了許多，變成一個更有愛和智慧的人，謝謝你來到我的生命中，希望你平安健康快樂長大，將來做一個有同理心的好人～I
love You so much #小巴斯光年四歳了 #小V寶四歳了 #四年前的今天我的肚皮上多了一道微笑疤 #微笑疤是愛的印記 #勇敢的人都愛笑","1571722336","/vivianhsu0319/photos/pcb.2307685069481214/2307684719481249/?type=3&__tn__=HH-R&eid=ARBq4WulrEv09tFg-J4J3pV_2y4rRNNXhANwkEnjDTQD7oJ91Deq5FtWhXGGGmsZMkySCsgkuICjFJmF&__xts__%5B0%5D=68.ARAjdF9pt2ezklTRfwFCAqmD5gflazhSwRqmT8lMF-OKn-z-q4IQA0aa1KlXzWb-25Yv_XW5wmN7n7Yl_5HCoNB7pd9RpBzvc9KahDkeajoefPPGWc-68mNPxINhZASFxgwX4F2cdO-8DcZ_FVeGG-vtAn-Z8HRVUXcMJfOGToCGs-5r4sJcCfgfhXsemuCuOx_Lys_Frx_4-mHKSqhFwqYEfJ_DOrwA7B1Ps3ixd8VUUMHWcl0DvqQNbDOrTA3ISmTy2WbZmNpKwvsJmC05nkmI_eaUgdQiUFr2hCuZBYSHtzceBP8wNvzD9ELN1s2jGkdxDbPMcWkeYdVICy7HEbz-P7pK","https://scontent-sin2-2.xx.fbcdn.net/v/t1.0-0/p526x296/68248432_2307684722814582_1618600374443180032_n.jpg?_nc_cat=107&_nc_oc=AQmg_RX5AR4mFY7jI4oYaBQ37JhIJ5ObvY-lQFRD9ggd9LBYq1hxK6AgYgOOe58QI6Y&_nc_ht=scontent-sin2-2.xx&oh=011d20da793dd83f89ba8a8cd9166476&oe=5E5C3D01","undefined","4",""
"https://www.facebook.com/vivianhsu0319/posts/2271265943123127","1561032379","你一定可以想像我的巧克力冰淇淋有多好吃了吧？！(這樣零包袱對嗎？)徐大姊很欣賞她妹妹的吃相，她說她妹妹每次吃東西的樣子總是看起來很餓🤣 
#遇上長榮突然罷工希望大家一切順利 #我們當下立即改變飛行方式已平安抵達 #我很喜歡扮醜來博大姊一笑","1571722336","/vivianhsu0319/photos/pcb.2271265943123127/2271265869789801/?type=3&__tn__=HH-R&eid=ARBKgQqxMOVbtkSLClFaMTYWP7hInBulce243WCtLQq7_fC3WrVKOlxQNLV3qSdZyIndYZASMVqpk6Fx&__xts__%5B0%5D=68.ARCSzz23L124Wx7Y4Aglx0ZTooomjfLV4aH-NcapKSyq5XlJ86sL1a06LiJoJShQsGKCilSu30CgmWaVpzmDVddC_alzjR1471G6lhAYosTtImCwzgBbsS1KSZ4RWnpP_lsaQExYoH8mk5uVsyGn0ADonGrcPbKQ1PU8zZTr1FGyuuhX6K1OdJFz-S39E8OgBNe03aheDMEKhhiv5mk2ynWwTQyPU9bIEv5vABXigck1cmPZx9s53yyP0riGmw-AFvU-HZnZox0867vYXpRWY65Dl5EC53EVDUNdTetVFALqGgY89DhHSbFvFJi5-54m9UuPNmsSqd6kAjJtDU3g2kq0wZNL","https://scontent-arn2-1.xx.fbcdn.net/v/t1.0-0/p403x403/64763313_2271265873123134_5241517056553123840_n.jpg?_nc_cat=105&_nc_oc=AQnpqwtilqcB6BX0l_a9EGzhj6waWiKnTKjDMOvmQrnjgOKwITvbcKfixFqV2XyxyJw&_nc_ht=scontent-arn2-1.xx&oh=e8ae4209167dc2684122036cbefb7a21&oe=5E5A6FBF","undefined","",""
"https://www.facebook.com/vivianhsu0319/posts/2319395691643485","1567237649","可以載一個人！來，上車吧！","1571722336","/vivianhsu0319/photos/pcb.2319395691643485/2319395584976829/?type=3&__tn__=HH-R&eid=ARBM9HR48z0DDNcHlLebPB4p1eQaZPS7TAmolCCeoA9XR-Mt0iv_8TVlw6AGGCL7TKQsXTlJZxW9jaBM&__xts__%5B0%5D=68.ARCaPcb_xYmHQkZDJcbzqkxP1IcgbwyLxPIxxJ2Srl9fujhqa0pjyHbZXV5ZFCIAQrCwsyo6Rn0LvG0Mw2_918MiTkcKJp1hAu3R_GQLDh6yJu6JtU8LpgG1OOtJyrCAMQSBKHLghe5eltcsdG7NjWWlR-W6KBQ4GKfC5j7n1c7HRrVT5UuK9XmG18UCA_o2MfCM_CqwQVyDZTn1dGksC-T3Cd2k0RnDboD-5yFAjxessa1XBHLkOyyM2-0xg__cUiU9I_LpX5U0mWgPESE3z0KsziUg2m924c4jbgght-0CQ6ngDxBfB7ueacxfxJKOJM7qZab02zpA6DKxXdLCCxTLYolV","https://scontent.figu1-1.fna.fbcdn.net/v/t1.0-0/p403x403/69214735_2319395588310162_8203069969773101056_n.jpg?_nc_cat=108&_nc_oc=AQkv1daGDXRnPvyqi0mf68CysDzilcZaDLo4V86Hk12qEzv-Zh37YdpCp60pg06dkfc&_nc_ht=scontent.figu1-1.fna&oh=c2e335d40270168fd8290ccccaf8a3ae&oe=5E60C00A","undefined","",""
"https://www.facebook.com/vivianhsu0319/posts/2250170125232709","1558367678","記得追蹤電影「孤味」的臉書☝🏻99💕","1571722336","/watch/?ref=external&v=538847283186929&__xts__%5B0%5D=68.ARC-VxOLmP7d-XMsjs6utyvplzF3oMs9thwh7XSi8rQx9Q5Xjb1RdeNfBl-M4YLqXos-_hPmAKlho7tHjxAh5f2FOPg7-gXlHfy2Pal7fvWsOUfLtFZG4TQZGLWzQsibqnp7VSnAruJdyEPxPt9SmdAP7R6ZbeHX0ieS9yVoxlWXJZr4SP48WmlmZG5v2NrRDqduj2bn_0X_Qj38VY9RO5QMv5eOIyq5KaEqqKRSp8BPndzvNQguoDwhTV218utGWPPR12RlnUDjVvpmxDcUlpYLDGUSENw4sqfkGfAJSvpTw3PVg8Q4gVxEMopoi1Br4EfTu1XofRgfFbx_vILDUYk33tIc5aw5GqV9cLxlM6syAKlpBNcQqx_2ONHFBMoQZAPZlYm0z0kEnEnJbh5t5GE8VKySf2a0Fpqw461E88d2cjBeyewMXXDEWbpIjS5VdNoEvrPJpi6BY0rsFw-BqA0_nZxe5ugqIGPx1DQJKUDZBhz2gE-KTXW04gIzKOgXEuNQaEGUOQ&__tn__=kFFHHH-R","https://scontent.faep12-1.fna.fbcdn.net/v/t15.5256-10/59538380_538912526513738_2373414419716636672_n.jpg?_nc_cat=102&_nc_oc=AQlm7TEh9fc9DBqKGqtZxQcGt9ezygk77dKbVZE_GgkuNeGiIACu0WTLuu9sdQOcdBI&_nc_ht=scontent.faep12-1.fna&oh=7356eddbe48c7b069a1b5c1f0a4abd5e&oe=5E582AB1","undefined","孤味  祝全天下的媽媽，母親節快樂","Posted by 孤味 Guo Mie"
"https://www.facebook.com/vivianhsu0319/posts/2269123590004029","1560762258","最近很努力讀的兩本書！媽咪也必須跟著成長💪很容易閲讀且非常實用，大推👍🏻 #和平國際出版 #給對愛就不怕寵壞 #做對管教不打不罵孩子更聽話 #知識就是力量 
 #方便收納的桌上畫畫組 @Ollie BowBow 歐莉波波 親子選物 #olliebowbow #Superpetite
www.olliebowbow.com","1571722337","/vivianhsu0319/photos/pcb.2269123590004029/2269123500004038/?type=3&__tn__=HH-R&eid=ARCyeg5-Qypre1zgsdp2kp3gLBGATg64JwRbNuLeXCxbQt1kwEdJvIKQvPyQcyIfccxQB90v7oQU8gIE&__xts__%5B0%5D=68.ARBthGGyptryb_L2JFJt7XLB6AfV2JUq8q1LMeCjAwzVywRJDHvoTir6qr25V2Sfmida0GXWsT5d-BS_CrcdkM5daCGoVP2Ve1j3a38jQ4di4csNwil_vxasiQDm5tmOfhOGJOCSphitOSoOxWzAk13Tyo9xHHItgTlW8w-zL9xmiACAbVG2WKM7uaXoJlovEZ0BMKLsQfUzzleJhfgq_8PTPJnTl4xr7tfBxDGx5Dm4z8n-wjxxGbVgeErZPywCgvWKLJo15pkGmmyryKCVxrVKlGomKF3k8ziL1n5H8lgn8OK5oI5TLG_rIq39GbsMggpArymJ4WjlI2hQFk6qCqfjoOAE","https://scontent-syd2-1.xx.fbcdn.net/v/t1.0-0/s261x260/64293325_2269123503337371_3141619631853142016_n.jpg?_nc_cat=102&_nc_oc=AQmm5EaP3PkHIhWJyfRvjcMQ9KBMTJpxGZtUc8zR4akhkI3anjYjQOjtzJDSFu9NoYI&_nc_ht=scontent-syd2-1.xx&oh=7e7f6d96b3239ed2bea0e10721185e53&oe=5E260EE1","undefined","",""
"https://www.facebook.com/vivianhsu0319/posts/2274844966098558","[Error]: TypeError: Cannot read property 'attribs' of undefined","","1571722337","undefined","undefined","undefined","undefined","undefined"
"https://www.facebook.com/vivianhsu0319/posts/2247981968784858","1558089737","有時「退一步就是前進」生活經歷好的壞的都是演員在表演上的養分！婚後在生活上專注扮演好妻子與媽媽，戲劇上停工四年，再回來演媽媽黃雅惠，有更踏實的虐與痛。
謝謝台北電影節、謝謝評審們的肯定🙏🏻
雖然早已不是新人了，依然還是驚訝到發抖，工作快30年，第一次在台灣的電影項目入圍，結婚生子後加上住的遠，每月飛行灰頭土臉的忙碌，謝謝老公的支持💕
讓我堅持繼續自己喜歡的表演工作，各種的不容易。但在角色上全心的努力與付出是演員應盡的本份。感謝導演、監製瀚賢、吉哥給我這個角色。感謝綺陽老師在表演課上的引導喚起許多我從未在表演上使用過的肌肉線條增加角色說服力、感謝鋼琴老師Dawn,特別是小宇老師特別指導鋼琴程度很差的我，如何彈好表演好那首困難度爆表的魔王。
能入圍，我真的很滿足、很開心了！再次辛苦人面魚所有團隊及我的經紀團隊威威巖！謝謝所有買票進戲院的觀眾🙏🏻也恭喜人面魚紅衣小女孩外傳入圍四項：
最佳剪輯：解孟儒
最佳視覺特效：兔將
最佳藝術貢獻：百嘉堂(特化)
最佳女主角：徐若瑄
#第21屆台北電影節入圍名單 #人面魚紅衣小女孩外傳 #導演荘絢維 #男神鄭人碩 #威威巖娛樂製作 #洪綺陽老師 #鋼琴小宇老師 #退一步就是前進 
#生活經歷好的壞的都是演員在表演上的養分 #謝謝大姊幫我帶小孩","1571722337","/watch/vivianhsu0319/?__xts__%5B0%5D=68.ARCLNt9BQtrp9dgGKU8buHRb9vJ1oGf0X_IM4fNycsEHL6-nQnET0ogeayGu9orlS4bFgXI61dlZUxAuFaWxFajpgmjX5F_anJy-WfBWC0-i_Mfy3cRFZpCMcWujKKQicZ1txAVHsG424sd52Jj05fOHLRs9PAY9W4qRxQzvOHVw68Mo1PWB0P6lsdybOeoCyWU2UA5VdlF_Yufj1nnFyzip5fvm3jf5sUy44y7F0hqzjF4hCBdrMNaFDhPX4185rE5PIm5lB0QM77-4-j6B2aAJu2QD_PqNogq8740gl1t8QmlxFnfSuNZezQppfvbRYjm9Prw9ceBLPg8581Q4xlYPF7PM3w7VB5FUiK29&__tn__=kFFHHH-R","https://scontent.fimp3-1.fna.fbcdn.net/v/t15.5256-10/59526608_362438407721594_7796347738051837952_n.jpg?_nc_cat=109&_nc_oc=AQndEsYrOJANWD2oFMk24lNIBD1rHuTcoNsXmGpJkTQ7qdARjoBz39X9YJfZrlVY3Nc&_nc_ht=scontent.fimp3-1.fna&oh=8ca54c6e32a3afd051b68f7a1c7f7f56&oe=5E18DF1C","undefined","徐若瑄 Vivian Hsu","27,685 Views"
"https://www.facebook.com/vivianhsu0319/posts/2279298558986532","1561974119","#我沒有無聊的時候因為我喜歡對生活瘋狂的自己 #Vogue #敬女人","1571722337","#","https://scontent-hkg3-1.xx.fbcdn.net/v/t1.0-1/p32x32/28056203_10156344583928754_2180926827311740943_n.jpg?_nc_cat=1&_nc_oc=AQlswaIwstHYxyl6y3p4uTsGDuntB3R7xfGVLZLPIyQS5cJF0nQfIY6hRLDa5N1LDwU&_nc_ht=scontent-hkg3-1.xx&oh=88aa89d335f5079aa90c1422de9a887f&oe=5E2C3FD2","VOGUE Taiwan","VOGUE Taiwan",""
"https://www.facebook.com/vivianhsu0319/posts/2256358057947249","1559194814","雖然不能常相聚也要常相依💕姊的魚尾紋細說著女人的故事 文華花苑 侯佩岑 Patty Hou #小飛象 #愛笑的魚尾紋","1571722337","/vivianhsu0319/photos/pcb.2256358057947249/2256356684614053/?type=3&__tn__=HH-R&eid=ARDpSPkxPAFLgMIs2nbFn3BSJlV84uif9Xnmu64af2cY9ikcxImitYeotjQmXzjcklMfSDKRPsSjFWg-&__xts__%5B0%5D=68.ARBjBLIncCYu0unNMhhfYEG5VUpV3OhcmBUdRTU2pzKz5i2oxqh4RHqNsPk1ub_-jUUalPFNZXHpsfxaqGyacuzheqRnPKJ6j6ntERulngNBbgbZpK97rUf6l5ONbesj-AYiLaHuAp60INf0widFus8k_zowggHMLgM0u4XAS4IWlc_vJB7ezqW-hy2gx37FLHEX6doucYb3TJluUvcUwbxOog7TlCeCv1a0OWtYmk7hYgRVuWj-7erPcM9pkrCNu8EMtLraFDkTfjhF-0HUKl8EgVsqZm2WUu9doNIPLI17EgezA29fDSuKQjuXzBS1Y5NqGSP1rOlnAF4UehVg5gD8Rt4d","https://scontent-lga3-1.xx.fbcdn.net/v/t1.0-0/p526x296/61416173_2256356687947386_4833842888280375296_n.jpg?_nc_cat=101&_nc_oc=AQmG8r0QSMR1D6Ro6L4qM1xLicJdlfbnJcF2b3AtF8_HyTRWPuOHPqFOFQ35fajxFJo&_nc_ht=scontent-lga3-1.xx&oh=08107a6560b24dc089fcf09965a310c2&oe=5E25B095","undefined","",""
"https://www.facebook.com/vivianhsu0319/posts/2332103350372719","1568767352","遲來的感謝🙏🏻💕 #LULUGUINNESS #WHITTARDCHELSEA1886
#moschino #bluebelltw #HMKids #HMxME #HMTAIWAN #玩具總東員瘋狂遊戲屋 #我是你的好朋友 #我們之間 #蓋博符號 
#三采文化 #美粒果 #MinuteMaid #Qoo #Qooisback #我的夏日青春Qoo事","1571722337","/vivianhsu0319/photos/pcb.2332103350372719/2332102843706103/?type=3&__tn__=HH-R&eid=ARBx3Af3wjFp-9PYXmw44FRv6e-mEIwEZ0Z1gY-DdE9K4WiUn-EL5W8m51_Nb4WWNVJWFt3sOYBiQPzt&__xts__%5B0%5D=68.ARAZ5MaHb-_esuUW5OeJGJyvstvd-tq08S6nIqPCD87FHUDTYkZLvQpeufAmvb8vUyMWcuqEBL-qnQ8Vb67sJGZixOKD2ev_xuXYHqXZEW__vTS-j5mwEsqmfR4QKy0NDYixZTuWiXewQ22a9w86rX4_95-_OSsgMSt1yGjodHvkP0twz84AZtrMqMHawM8eBWhWEjHdwcvmf9RKLmJreCBRPs-qMPEnRWdXIYMV-uEdpSJLhDtEBLkeVUEEjd5R1Tp_jAQJDGI62XF9R0rpwV_V6YJJBd7SbeahdPlSysnIaS_NQ2BlxVCSoNhqLSX0OT-Xvg1cpp3-wkGZ-8iNmwJcWu_N","https://scontent.fbkk7-2.fna.fbcdn.net/v/t1.0-0/s261x260/70788910_2332102847039436_3356520802999599104_n.jpg?_nc_cat=111&_nc_oc=AQm7vHS51fzoxDaxmoLP9HaAQyVO_d8Y6oENZNyn_bIwgnRGVX0Dl7YY89Jp6gjLULM&_nc_ht=scontent.fbkk7-2.fna&oh=256a341d6a68a7519e6e66c199773f83&oe=5E62C862","undefined","4",""
"https://www.facebook.com/vivianhsu0319/posts/2309168369332884","1565912090","又快一年了，時間過的好快 #它是中秋節月餅 #Bapestoretaipei #哈根達斯中秋獻禮","1571722338","/vivianhsu0319/photos/pcb.2309168369332884/2309168305999557/?type=3&__tn__=HH-R&eid=ARB-iLRNVJ7FWnZg-IeOEUpaIxDqQsx273_Ur_uGaiUg7FzQjVcRtIn-rpm8rzfEabx2SnniJ24mfd5j&__xts__%5B0%5D=68.ARBwxziIVPlbFzNCh6ACFPopkEjKvMZUMhAOSNOK6KBIxtjIGN39MWGOF-4nnQjQAKRUxeY5TwzV2oFkg2VodJ9wP875mrBWQD9kSQD1l5mpm_gGlPywloYk1bZdnn-IpmSFFBwM5c7F2mPyufLB_uD3wl9bpCU4-tGvmGIWTB23jWMOc3JULTcfkCq5w7aPx2hGCEREcOFaEqQXcNudEwNbuV3kEkpDCABwXFVZiRynVQyMvkUjGMSFE0NkhuTRGlaNteapFrHkEHyK8_0MO10SKMXNgEzJ4bOiZFwU4ZIGGbKq8cWc25UpKysTuNyFYL9FRLv7V31s_TNHg-BhcELKHeEB","https://scontent.fcgk10-1.fna.fbcdn.net/v/t1.0-0/s261x260/68637501_2309168309332890_2698544762578796544_n.jpg?_nc_cat=109&_nc_oc=AQl3ifAanTyCmEMpRtzgTv5sNWwlBE_c4g4KKGMw9WdWxhvQ0jKWZlmFw6ImjOLZ6gA&_nc_ht=scontent.fcgk10-1.fna&oh=ac440b2cf5fe2d834d538abbe4a449f3&oe=5E5C445B","undefined","",""
"https://www.facebook.com/vivianhsu0319/posts/2264629483786773","1560220733","中文音樂劇也！！！

 https://www.8world.com/…/arti…/walking-with-dinosaurs-786591","1571722338","https://l.facebook.com/l.php?u=https%3A%2F%2Fwww.8world.com%2Flifestyle%2Fcity-guide%2Farticle%2Fwalking-with-dinosaurs-786591&h=AT1UeJHIHeDENu5m5zEOuYgQnlO2vhQ-lm-B9x8b1dOeSxsiiNaLf6eR0zlYuf3ufQRjffFWTaqkRTGZFNROKStgCQPCFTMxZofM0F26X9sGkej1gTo8mGaTmVLucYYsE5Bt4qa1-Z6ID_u1U6JfnUfnh5QNAp4z582GfY4C6kEUaCcSZTv9WBCnAFbC0UPygTVneXM_96AbqU5XBvsyuOYnwYsi8xybANJKI2SHHgTOctr8bmY9LrhWAgiycM_aLyucYwwLTWtdMZHB_E589Q8TsjhZ7J_YFFy3FqzOzg_PHCHfzFH9FTrTC-RZb9xLINMEWqXduPHVL4CdMDn2W_NWOg_CPZzetatBJHUMBo1-mjAjbUeTc87wrvHwWHD4v4gJDSb3NKEJkhYzoBMVmVhQFvjHgyvo79-gCKf0wm2S0_7K0ZvR2CP5Hrsw7_hhtzp9wz0XFJzkaXg7-m3_PhkBwQW6-096XTVsO7ItUhHH3aCh4bIAMbbKFQQBCTrTQI-9YyPIQ32FcR7lWmYd-UbGQfC13vG_ovnWogSAilhXqN7LzwOC44-cV9V3_r_p9VYJeAbxdAWaGya-VK3iO3xL63dgh2mILZXlRV-J_FsrnKR-MbhtbqDzChF0pqLaU4QDtbC_oMDkwg3BbWo","https://external-sin6-1.xx.fbcdn.net/safe_image.php?d=AQCScaY_GC1U9oIV&w=540&h=282&url=https%3A%2F%2Fassets.mediacorp.sg%2Fimage%2Fupload%2Fs--FGziiim4--%2Fc_crop%2Ch_1063%2Cw_1890%2Cx_0%2Cy_1%2Ff_auto%2Cq_auto%2Fw_700%2F20190401_LS_Walking-With-Dinosaurs_09.jpg%3Fitok%3D2HDKXY8j&cfs=1&upscale=1&fallback=news_d_placeholder_publisher&_nc_hash=AQCFBkmTBmIeFDI2","No photo description available.","恐龙出没！“Walking With Dinosaurs”8月29日狮城“复活”","想不想近距离观看巨型恐龙，探索地球的原始风貌，窥探自然界的不断演变？今年8月“Walking With Dinosaurs－ The Live Experience”空降本地，18只巨型恐龙将登上舞台，带给公众最壮观的视觉体验！ 耗资2000万新元打造，结合音响及视...."
"https://www.facebook.com/vivianhsu0319/posts/2313971625519225","1566534445","今日工作團隊！找一下有没有你的朋友？🤣需要我幫忙傳什麼話嗎？還是V寶們有話想對誰說？","1571722338","/vivianhsu0319/photos/pcb.2313971625519225/2313971588852562/?type=3&__tn__=HH-R&eid=ARDxeG4SGNx-5MAHzHkO4yAqmmajz8EPj05zlG9Rp6goCUA2dQHTvVIQ62dYVo1AtM6XKhUnNkZyhVO-&__xts__%5B0%5D=68.ARDg2pQANza-1MNb6aoKIVI05mSbYdNuGQygXRklR4eqU5QGHDcRrbbnkzyiWX5OLtdMc3xSR1fg2swmzA4oOc3zWEcAATHqWT4Q66_ozsSPOHGo19Z1yWj2uZ0AtCDfmEHtapzVKThb8yANz1yMLKd9lr8IDvWlmJoAYaQZthzGKMOGOLnUUgwTGfk2MGe3S5x12dDr4pXiUuJBBhECQDhfy7Abf2dIx9BFGi0-uJ9YwyJyF5UJ1bjbLU_VdrYzxNEabraXYs2qQdqhrEN7S0P0mBP5p-b4Paukrp5FFt8LcGiu0IwMfpTml3QT0NCQqNmtIZhOzBrLoDQSA4jpyiMVk6SY","https://scontent.fhrk1-1.fna.fbcdn.net/v/t1.0-0/s526x395/69666334_2313971595519228_3855884139265785856_n.jpg?_nc_cat=100&_nc_oc=AQmhYbBmbpkSeUz0DP1uq5KIaRQh40oY-zOaIS0NehEEgcQdM50woAiMYqQFwdMV9us&_nc_ht=scontent.fhrk1-1.fna&oh=7c391ae259cd4c51b876e76459ec33b2&oe=5E5733B8","undefined","",""
"https://www.facebook.com/vivianhsu0319/posts/2247777832138605","1558059133","香港Day4:他的第一支雷朋墨鏡，帥不？！😎謝謝Dolly阿姨💕We Love U","1571722338","/vivianhsu0319/photos/pcb.2247777832138605/2247777738805281/?type=3&__tn__=HH-R&eid=ARAGctQp_339ss3YUE96bCrSde0AbyjV0pVLvlSaBHQy5I2dWKKzRKP8lJtc-tX_58zd3KI8qa-kx5oY&__xts__%5B0%5D=68.ARCq8ookgmLR3oVY0tpkT8NxZ6ifFnQrppU_0JIG_2CfJ2nYr9xSKqRj3vmopqFhYvYe5SS5u_QQ0xBDSjbNVSSlERvffKuNF7SCgsr0t5hDBDx0DOlBy8fL7HCzjUG3vIVj-UB0eGEhtV07JHRrJvEN62adw_XcQR5hzMG4l6fSACch_TSelcM-9CtIB_tHDX7K_9OwGxHvw9io_AG5Z8FTTThKT5cDGJfMwsC4NIKXr_p7djKhYn4HX0NE0eLWqcqxDdPSTi77IX_aoungEFYcu26weSwUrYZJwbrmBoy_1GoiJ-_7ROlOaX8LcCfGNmRC_51Z4SzG8uS85AwMkfRCh39X","https://scontent-syd2-1.xx.fbcdn.net/v/t1.0-0/p403x403/60277066_2247777742138614_2521041937557880832_n.jpg?_nc_cat=103&_nc_oc=AQmeZKvffk_E4IDGK6bWzf2jJ99rt08XJLas5btp5JQdV8VYJE3a2mj8AaQxC3XB994&_nc_ht=scontent-syd2-1.xx&oh=3a7a0f9525555078832c218d2818e514&oe=5E639BE6","undefined","",""
"https://www.facebook.com/vivianhsu0319/posts/2241002446149477","1557119327","鳥語花香下午茶💕美好的
#PIAGET @JoMaloneLondon #BrilliantBlossoms #twiningstw #唐寧茶 #V&A","1571722339","/vivianhsu0319/photos/pcb.2241002446149477/2241002259482829/?type=3&__tn__=HH-R&eid=ARAO4ap9NpGkKt7x3s-51OWsQfWFk6dge6NxP5rXYiLpP9ul9VLFyNRGSfRX3i7sProjMrXQQumtZrdr&__xts__%5B0%5D=68.ARAgYl1TsjTTx0bVS8nj8MjBN74oW3zxQ2I_7mNv-Y3LpXULE8JEs1NMnj_R7EnGDYxfhnw0oPdZDrE6w7ShQmsfOFwr99OFZMd7_SmGZKPY_gLWa_fIzejP9x5Lpm5HnSuwAz5sTPl7czgAJqkeYfAl27VXA2b20BcmCgupckttI_r3kEpXXnTAAnO-rMZCICcIlDa327yhQTdoF_bkFXMcF4snfOy1ZLh7s8VeJLDLcqfHlpRS-ZIhT5alNq-87BS_x-K1wRchf1uMqFkVnLO6OXYHNLjZtfb-TGjPziyPRgeJ0RaZXqfwrIShVwt28kecOA0UCMjPTH_AlqjpOHZGPeO-","https://scontent-sin2-1.xx.fbcdn.net/v/t1.0-0/p168x128/59748070_2241002262816162_1247585195150802944_n.jpg?_nc_cat=111&_nc_oc=AQkyXkrq9mcuaJQrWQVEGTR3czMP8toiCKTJ3kG0km0Gh0viJh5VYN7bQIeE_BlTf8w&_nc_ht=scontent-sin2-1.xx&oh=2a7cfb12ca97ba9d261893d371aad439&oe=5E298280","undefined","",""
"https://www.facebook.com/vivianhsu0319/posts/2257944164455305","1559399971","昨晚沒什麼睡，今天累了一天，但在這麽有意義的的日子，收到Flux全體員工特別凖備的一束花，還是很感動，謝謝學妹Betty，有心了❤️ #上海世新碩專班 
#fluxreelhairboutique #學妹加油","1571722339","/vivianhsu0319/photos/pcb.2257944164455305/2257941754455546/?type=3&__tn__=HH-R&eid=ARBLha5b8NU6eklO41_hbwk3MXtF9yhkJVg0JI0oLtILO9R8MKHlW1IvEL3b6XS7Cp5pWftFei9VnGUt&__xts__%5B0%5D=68.ARAYnEkuTrJOk2rwukUSjKlm6GePztF6bva9S3BQyZ7WYLuU10R7E9UZAkQUVzjl1pac4lo4eH6yUN1hNiP8ckxMerVasmaYpIfcEkLadpDPdaPWw-VixsDiNvs6KiPzDv6iuSQJFCmF2Bl6SdzIlCnbK8GYrsIZPLjoBJNL3qmb8JXFBI9o_zdLxvG77i7sIHxAa4edCYaOPDeFu7oZ13ByzyrHbD8ipzY9qySKhsiGXUPv0A2j2FM_BM9KnKfy7uG8tOtKDgEKS3cHLcXCgUBnt49lwWbPqbYCvjMvpxqAWK8HE7uWJYK3NZUa-HWSiQhtHA-CYglcR90U0GhVeRVZ6n3N","https://scontent-sin6-1.xx.fbcdn.net/v/t1.0-0/p168x128/62233866_2257941757788879_8939635171452256256_n.jpg?_nc_cat=101&_nc_oc=AQn2W1p54Dq4hzaGboSjpQpexsnl-0IQOWz8tviEMnjCyVGgW7k906kPACv5MzAOwCE&_nc_ht=scontent-sin6-1.xx&oh=d01623204c29e04fc7d75a12e07e02c5&oe=5E22C176","undefined","",""
"https://www.facebook.com/vivianhsu0319/posts/2288151298101258","1563122119","謝謝 #PIAGET 讓紅衣”資深”女孩閃閃發亮😂💕 #2019台北電影節","1571722339","/vivianhsu0319/photos/pcb.2288151298101258/2288151214767933/?type=3&__tn__=HH-R&eid=ARAMq_SEYryz-H6gjx7MtO7W9d_hR0yNdJylOggzZyIKULqGDUS7YSXeQw8-e7BnXcqHKvJKI01H_Jbs&__xts__%5B0%5D=68.ARDV7V-GHif0zTS1J2sxvkPZlHpU8YQQfnB4y73Z28GTK20ARiwEdva9FTASG7bqilRHRy7KS-3_obkYLMZXz907wVz-ke8LMHLmPV8r4WzwIKu2WlvIsIp8_xvdWtrlCoLeC0VFhZ_xQXP32LaxlGOKXz5ceIXF_gmsfiIxMVnIEgxEf5PNOk9uH07rzUkr15iFK4q3doavSmGhybmTSpSmxtQAM5q0mmkjstgJnAJNd6i5TsIG1xXediCnxkJWn3bteqpmxPoLRXsB0_VyyZ-7whrBCYBoi-igwPCKUGrSydk-k2bvrEf6X5UQ9VkGglfRbqUBbKuaOBkQaueVKSjSgeMm","https://scontent-sin6-1.xx.fbcdn.net/v/t1.0-0/s261x260/67288750_2288151218101266_2472231816082227200_n.jpg?_nc_cat=110&_nc_oc=AQki1xtiiUXKdQxZt7RQeGFYZUBhPTu0dk1OQwPgx_Bsgh_57HXAv_xgPM1KDpngsTs&_nc_ht=scontent-sin6-1.xx&oh=ca92e2dfb9d0271433ba6ea30f25d229&oe=5E2A51BF","undefined","",""
"https://www.facebook.com/vivianhsu0319/posts/2271138496469205","1561015447","“十年”讓我想起這首好歌！「十年之前，我不認識你，你不屬於我，我們還是一樣，陪在一個陌生人左右，走過漸漸熟悉的街頭。十年之後.我們是朋友～➡️🎤
來，接力唱。。。🎼
十週年快樂@JoMalloneLondon #ADecadeOfScent 
V哥代言#Bioessence十週年快樂
#Bio水感舒緩微礦能量噴霧
#BioV逆齡3D緊緻提升面膜","1571722339","/vivianhsu0319/photos/pcb.2271138496469205/2271138463135875/?type=3&__tn__=HH-R&eid=ARBFsMtQpubylsmfUwGfO05BCUbAl_gE84g8MHxPvkj3hNs7cJw2lF8d10kSpWGc3fw8BZzDnx87VNI8&__xts__%5B0%5D=68.ARD2Uxs-LNzEt4oKdIaeyXJxRK5bMbf3eLL5bZOSf18lK_KY0bc4V-CJ7pnG9BEXr_t3YWmidag35Ltw7ghbVCD3T4A2-Q8ZVYNGw54HrDX8RvyxQLgVIk205Dd02FMstSb4dty0xPXbfNasGnNHYskyTb8wyi8LNI2FlwaH6NThTXlQxvBHTpNKCt6Y6vAZikkwosaFwGOmv3rmLRnkH1u_TKkkl2gxlf7sbiBb5Gr04uhVcIBKD55IDYg35GEV-OZopASIn09xE6vew-y7NNi_kv5xNylyFmwPTZJaDTKxm4meU-H12blpyuiyGL-Qvyh1jfgLjU2fDnlyB3npo9Ihokre","https://scontent-sof1-1.xx.fbcdn.net/v/t1.0-0/p526x296/64484638_2271138466469208_7504939837720363008_n.jpg?_nc_cat=108&_nc_oc=AQmES1vcMTfSTwM5O2FVUqjG2k_xIW1abPlozdoB27FEWafi3QYHbnGVbf6IwrxSAss&_nc_ht=scontent-sof1-1.xx&oh=d14b5d10a53dd8628f7908953ddcab87&oe=5E5EE501","undefined","",""
"https://www.facebook.com/vivianhsu0319/posts/2247210922195296","1557989731","上週香港Day4：老闆&老闆娘Sofia來一碟小菜&一籠點心🙋🏻‍♀️
～這𥚃也太好玩了！還有室內電影院、工地、戶外小火車⋯等！東西也好吃、玩的太開心了！最後要離開時，盧了很久媽咪才能順利把小李老闆帶離現場🤣
謝謝Gigi阿姨&Sergio叔叔💕with love @gigileungwingkei #出門在外靠朋友 #香港親子餐廳 @梁詠琪
GigiLeungWingKei","1571722340","/vivianhsu0319/photos/pcb.2247210922195296/2247210715528650/?type=3&__tn__=HH-R&eid=ARAbSB0REMcgPCwj7E4KIG7_meoBMPl7ZZ8lwEc_2xoh9kXbb_FWqqNc4Z3RSx-BD2Bxq3k6CPz3VZlu&__xts__%5B0%5D=68.ARA2fIBWSeACZOMRAx8sImOTzhlm6u8xp-fWBKcZ2aq6XYKsnuKI5Ot8utUrf-RWsL8jAGNxkGi7cuGCL_rXVGy7KSmS7JPI6cT97ahbhatO_FXEd1jfdEBMg2Qaismi-y84yCQqqDHt8xCq0H9stYAFTlza7uM28dqxNqJz21RXqx9eqQrk_IZyAVQ6-s41Fq5CAJCpGb0fIuYy7mqPm--TpJfMCIDl3hj4OvJRkBsq_mkPGqL021Yo0sXdMGwtizm_qmQKxlytF8pN2zfi1aFWOQM9gnh-iedwKRPegacjzyXYxaJGwo_X3pl0WCQ8OqxkHvaQDR0u-6dctUv3z_dDlxuq","https://scontent-ort2-2.xx.fbcdn.net/v/t1.0-0/p526x296/60150513_2247210718861983_9080961753226936320_n.jpg?_nc_cat=104&_nc_oc=AQmYkoi0DvSd-bzjnEh7v4hfQu0ptBi90-UlQaZT0N7DqAnY19n8f5maxFVxMkA7g_4&_nc_ht=scontent-ort2-2.xx&oh=95c9d94485a7ca01776fd42d4eaa2b0b&oe=5E1EDE74","undefined","7",""
"https://www.facebook.com/vivianhsu0319/posts/2276264832623238","1561615797","球鞋！我的最愛！還有我的第一雙氣墊涼鞋👍🏻 #Nike #airmaxff720","1571722340","/vivianhsu0319/photos/pcb.2276264832623238/2276264752623246/?type=3&__tn__=HH-R&eid=ARBmWwRUWbXkFsEZIVrmGVipemYQUcnnbZaEMVFEBfux4v_1BGR5xfeLkoRUFhk-stpjQaM7nsw75zDA&__xts__%5B0%5D=68.ARBjB7nI7xEC0xENW73UePqqx1u-Pl-pKRY4xUYa5P_jrtJU8PQxl23KAsYEN_f0c6MbCkjEBGong9NUliYkVpsjvikDkzW2EKacwelWR1ALPbgf_G6Rk32-JenB5p0724oY9Kp0s8Z3YTJozua__CY0PGDg5uEryPOMuYtembLEZdRVJY156UrtWiSHqpEa2RdUbwayY8FCqhQBSZzBnFBIRQcuYFbPvZihMvenUY-sdJJfNkExLjWKpjKbTCxif1YNh_fq06sCJlnQpEBjax4MKttaiZTt9YqyLvErp_dvOmkJ3w0Dx1Eht1251tCQLVSigvxE3EZ5xqiZkYqke0nPL-WA","https://scontent.fbom5-1.fna.fbcdn.net/v/t1.0-0/p526x296/65173146_2276264759289912_2130247351535665152_n.jpg?_nc_cat=107&_nc_oc=AQkke3avafRYdKJaVVMmXVDf64qVWZRE2YJPHK4AfwY6OBvwmUWW6MQnZX5HFAikH40&_nc_ht=scontent.fbom5-1.fna&oh=c07e4f7741d51207fe451586fd599484&oe=5E62CC86","undefined","",""
"https://www.facebook.com/vivianhsu0319/posts/2327818967467824","1568265897","謝謝好友們～❤️Thank U my dear Friends ~サンキュー マイフレンド〜 
賈靜雯AlyssaChia 侯佩岑 Patty Hou 陶喆 David Tao 邱瓈寬 #賈以食日脆花生 #賈以食日雪莓餅 #DavidTao 
#PennyChieng #侯佩岑pattyHou #就是現場股份有限公司 #威視股份有限公司 #鼎泰豐 #楊董 #馮姐 #寬姐 #祥基哥 
#亞瑾EdaHuang #馮姊 #火木 #安婷","1571722340","/vivianhsu0319/photos/pcb.2327818967467824/2327818080801246/?type=3&__tn__=HH-R&eid=ARA0sty2htg5Lu5tRkHEXKqe9XibUVPf4dusJsClggck8DWdJFtHKkKI8GORoEQmIecG86PiHTBXPFn2&__xts__%5B0%5D=68.ARDA2XrVerBU_tiYF7-UA6lUOM258f-yk1Mu3KLvjiG80FXO_rHqOAsBvAUZwbKoIlKB03v2YDUrNvwByIyFneGF3S2S81ZrbcKyzGRZ3VdYWH2CTmDW9ylAN5WqlDRK2vi3OpQaugA17a_EizJSaLnNkAFxmwH05rwOlhUM_ZK0igHMmDBFTZM6Q5YnjBP3XzoVOdVFPIaSF8m14xR1M1PstX3TNAGaI2WjORe4toDbSTQ30ipvjkaWWThgcvmrnnPPpSZL45gycUB4NSK3fNFoCZjnGm3KM-g-T0GZfN35n1abtM5HC5bTg1GKUtIgzbJ5rxECia2sPC0kHFKn-4fAglNO","https://scontent.faep9-1.fna.fbcdn.net/v/t1.0-0/s261x260/70386207_2327818087467912_3772785936656498688_n.jpg?_nc_cat=108&_nc_oc=AQmr5Zy-k6NKPES4tTuOWG29VMHx8JwoR8DyIs-sho8U_V7O_79Hzlls8R0CNVC3RlU&_nc_ht=scontent.faep9-1.fna&oh=049a55f9f1cd8494d49cb301bf5f41b6&oe=5E5C954B","undefined","9",""
"https://www.facebook.com/vivianhsu0319/posts/2264699980446390","1560229559","他說他是獅子、爸爸是長頸鹿、麻麻是河馬！🙄 「我反對✋🏻
！」麻麻是長頸鹿！我想你還不太認識你麻麻「一個月後」一定心甘情願讓你在很自然且不由自主的情況下說媽媽是長頸鹿！ 等我的腹肌！哼","1571722342","/vivianhsu0319/photos/pcb.2264699980446390/2264699693779752/?type=3&__tn__=HH-R&eid=ARBpPpCO-X2_prLnEmpW3lCXZn64AwW3PeQ9zGAVeUIXeDiZwSw9MFt3VHVXxC2-uiwSB_uA1tB-D3TS&__xts__%5B0%5D=68.ARDqnbwvsCVvpQqw4b1Ho-VV3SJdXAufZl4FmVZP55Vj5zMhu12y2d3uRDujguBvcdVfbMUJ9LYXgVwlYKy4bKdAn8jmqUCRUmT9N84yV4qAEH8sEPhIdoReYQ8W-e3-6G0scgRaeQOCLrf7q5e5zdxIAL1zPHzbWKmkKSMfMaXk-VkEtfD2wQuBV43T7AZP_z15-JpLwWTnHOJK8Dzi6E9IzzyL7aJxLeUMRBs393jtuE8ZFLxDXmxDMrpJk-RP4aPLLEJE-DiV2r7viPKDtwS5ERirmmLKLi7aL9Zkv7-SBIjxKJ6CWTyCFyJIOa3VUuK_NAu7MEkZMwDLqgO25K62QguG","https://scontent-cdg2-1.xx.fbcdn.net/v/t1.0-0/p168x128/64279545_2264699697113085_7299591498473930752_n.jpg?_nc_cat=105&_nc_oc=AQniXX5jAGjHZxldvGUnJI59_KTMi-U9QPdWPuAK2PSTyipwrCNeoxtRMNdQpt5HpzE&_nc_ht=scontent-cdg2-1.xx&oh=8d8e7f26e2716f88e0fa0d500c705e55&oe=5E2155E0","undefined","",""
"https://www.facebook.com/vivianhsu0319/posts/2255774181338970","1559122578","今早沒下雨時，媽咪怎能放過去戶外的機會呢？！背包揹起來立馬走！(現在才想起來我忘了刷牙🤣媽呀！) 你們看看就好，不用想像🙊Tks #飛高高 
#木柵火車主題親子公園","1571722344","/vivianhsu0319/photos/pcb.2255774181338970/2255774024672319/?type=3&__tn__=HH-R&eid=ARBXX9KCbkqQJoBGrMXKXH2uCpzO5qBMopJumXNQbrlFN4M3PvQW7f2d97sC2MoVA_y8S6u2LlazyKxQ&__xts__%5B0%5D=68.ARD71DrIA6nAJZwW4QkQhqjGaJV6iHRz7hVSDfw94Sp09FmdFs_p72Owoqvc2m5dLRaQRneXtMVd47yzxoBgST5wOKEr0bcQeFTSAwlpESr9x4oROuGvaic4WBgxq70zNPvYNcfdYenWF30LOyoUpgvAIrIS8aV-E5z0Ym7UJdCpw4yUHhl4-MZmbOlbhGOcOvCf_o05X0Yh6m1Xy_9C1juL1h8XFP5pG1NKeXGqIpBDEXvzjTJ-mlsw2e7YZRVR2vMKww58dTGlHv5o7Eg5vAZV6mXp7CBN0DTnW_0hCLd7paoTsXzgIntY41UzLP9WO7q5PFm-jePHO4mZsTTmu5cSCH4p","https://scontent-frt3-1.xx.fbcdn.net/v/t1.0-0/p403x403/61683907_2255774031338985_672535464158167040_n.jpg?_nc_cat=104&_nc_oc=AQmlb7Vp8ne77CuBCnOO8IPmJTrLE1fT5PwxZyjqk7-_QuRrlS8cfko1U0YIH9gDroQ&_nc_ht=scontent-frt3-1.xx&oh=6f66f8037f95b7e9d7e60a07701abe45&oe=5E2969B5","undefined","",""
"https://www.facebook.com/vivianhsu0319/posts/2244661755783546","1557654153","飄洋過海來找你！ #香港旺角TOP MALL #老協珍","1571722344","/vivianhsu0319/photos/pcb.2244661755783546/2244661609116894/?type=3&__tn__=HH-R&eid=ARBFMkNAdyacVHReMsJ19uEODK9xdrI26ZsEzafdWTU6iQE8OrtBYNmFPEXUDx3TyyDqyn5sNCXhwiO2&__xts__%5B0%5D=68.ARD-Zr5j4w3_glqsoqUVAjEpNoOXn2dEIL8bcaEjBn3r03Lc0G0tx336z2KkcpImSsz21EXEI07WRxGPOLc3bPWSlq2G6ZP3SmHOdRyWgRore9F7xC75T5zqH5B_csKapvSfoO5edl2_Jm8uM1VZP9Y2dUU2zErbHivxXP5MZ6aVfYpzxcDM9Iv9oM_SlcK9hZmyqRUL4zlJfO5z54mOKBwA5jUmremtVuy0xg8zPDfp_VM0UmHEMzFgh9DKdlMf6UxL6QfSQELJHJHpJ9sJmdThyw6m6cWqt6Nc9mFKhfBnN9FP0973c6TowixMBx6_s-vqI5YEEuWgnZ2tX3rO3uOPOC9b","https://scontent.feyp1-1.fna.fbcdn.net/v/t1.0-0/p480x480/60016947_2244661612450227_1181975777248280576_n.jpg?_nc_cat=102&_nc_oc=AQnCarLuZegLwYDb6S_CDWHuCRma2KxlldUyFB_OJF2Tx8md2tbdmdvaIiDg--mVRPw&_nc_ht=scontent.feyp1-1.fna&oh=a040386bddec180ded31b27bb2007f30&oe=5E235FD7","undefined","",""
"https://www.facebook.com/vivianhsu0319/posts/2436964726553247","[Error]: TypeError: Cannot read property 'attribs' of undefined","",1579445371,undefined,undefined,undefined,undefined,undefined
"https://www.facebook.com/vivianhsu0319/posts/2415331195383267","[Error]: TypeError: Cannot read property 'attribs' of undefined","",1579445372,undefined,undefined,undefined,undefined,undefined
"https://www.facebook.com/vivianhsu0319/posts/2439782322938154",undefined,undefined,undefined,undefined,undefined,undefined,undefined,undefined
"https://www.facebook.com/vivianhsu0319/posts/2418483615068025","1577170488","今晚就是聖誕夜了～姊來自雪地裏的感謝🙏🏻🌲🎁🌹🎅🏻❤️Thank u so much ~
#Tiffanyandlove #BVLGARI
#swarovskitw #sparkdelight #stellamccartney
#ArmaniMatteNature #GA #GA絲絨唇萃 #最美復古玫瑰色 #溫柔暖粉好顯白 #我的亞曼尼 #206紅棕玫瑰 #523暖陽玫瑰 #溥儀眼鏡 
#Linda Farrow #puyOptical #LF50th Bear #LULU GUINNESS",1579445373,"/vivianhsu0319/photos/pcb.2418483615068025/2418483218401398/?type=3&__tn__=HH-R&eid=ARBBosEiPcvdPck3rLmO4yPtTm378qucadn0BWJ5g3Cevkj9dP-L6jZRL5VLN3uhl3kwJBh6OYMVr4oW&__xts__%5B0%5D=68.ARAwc4XuyH9NBA3PTmIqU2v6yBf8dQI8uc561rsynBmkkMEGjE6XPbCDQBa_MsYxw0ZyW1HxTSx0Pa4CGRs1qtsVVT_iPLV73afjuAUNTe2PzVGggkwkGyuUQhvyQdp0poJKU4aElIPegyq3hSjhDLsi2iRlegpq5ol0a0COrk9zNXcfGmf9MinPniKGcfU_HJD47msILKWmIwf1MwPwZVXTjH_1ciu6CHPlFJHHyeu_LVHbKF3tU1sGR1N6PEMa7AxS6I74UNtdwPtMlFogAVLpdY1E7DUypzO-0_3ZTusFRLeWAVOyfJE63UM9g6UL1vaXbRZ5TqYqyLuS3dwehXwmhnYk","https://scontent-cdg2-1.xx.fbcdn.net/v/t1.0-0/s552x414/81450799_2418483225068064_878135432653570048_n.jpg?_nc_cat=111&_nc_ohc=A2ejGqb1omEAX8BcJgl&_nc_ht=scontent-cdg2-1.xx&_nc_tp=1002&oh=893c9021ac2010b25c502c71a8862ad8&oe=5ED6EE44",undefined,"+7",""
"https://www.facebook.com/vivianhsu0319/posts/2414709242112129","1576840701","姊台北的小工作房長這樣！趕在年底前，重新刷新完工！煥然一新！亮晶晶～✨心情都好起來了！分享Before & After 謝謝我的塗刷神隊友‼️很明亮有没有？🤣
#得利塗料 #得利乳膠漆 #Dulux
#除舊布新 #你的塗刷神隊友 
#首選得利健康居 #得利輕鬆刷

 選漆、配色、塗刷、想要DIY或找油漆工班。不用自己來，姊大推 “得利輕鬆刷！幫你漆-教你漆” 陪你一起打造專屬的居家空間 ➡ 
https://085717.tw",1579445373,"/watch/vivianhsu0319/?__xts__%5B0%5D=68.ARAswT_J_JCD85TlnOQSXBrAY_3ZvZwJDZj9yIPjZSTUOn3jIAqJE0lmNwX_4og_f6cPekt1Y6BhiNHUgqYDP2CJzaZG7bi9KEnR7GHa0OUDpuX5cz-tEbDiQdRsPVx6QHrcZhjFviRJd_ts9QDVZJGUy7Vm-r3cVTGC4KWSVYVew6fgoKWuYFdBdD7jgUmGPY-og82rClaHhfUR62mbQvRQjpBkHcsn0cdA3mVCwhlLTQ9cWhj9FLErXXkWGn7xpFoQX1OUaj7OIRHmp9b23zAGtP1L4aJCeGNFr3Dhd7Jd4aM2w_pOGqi1TK8D0OH6klK_51NmeOdGn71COG2hx2wdZ4KVoHkfg9fU_w&__tn__=kFFHHH-R","https://scontent-cdg2-1.xx.fbcdn.net/v/t15.5256-10/74536891_778921045941594_3476244111592259584_n.jpg?_nc_cat=110&_nc_ohc=HV8BQAuyytMAX-hOqef&_nc_ht=scontent-cdg2-1.xx&oh=6d99827b95ce3ad01fadfee12c7ff3ec&oe=5ED41E36",undefined,"徐若瑄 Vivian Hsu","35 795 vues"
"https://www.facebook.com/vivianhsu0319/posts/2438056596444060","1578840618","永遠充滿正能量,好棒!",1579445374,undefined,undefined,undefined,undefined,undefined
"https://www.facebook.com/vivianhsu0319/posts/2412075785708808","1576598500","提前感覺一下聖誕氣氛～🌲🎅🏻 
這餐廳不大不小，剛好擠進我們”威威巖娛樂製作”年末感恩小聚會35人～姊的開心可以從姊的眼神中看到！好酒膽好酒品没有酒量，半小時就茫了(空腹喝酒的下場😅
)但，可以撐很久☝🏻雖然隔天斷片了，但卻有記得食物的美味與獨特(阿V選擇性記憶🤣)～ 和蒔炭火割烹 #好適合包埸的餐廳 #和蒔炭火割烹 #無菜單料理 
#條通美食 #中山區 #在地食材 #原住民 #備長炭 #重點是主廚有帥帥 #鋼鐵V #威威巖娛樂製作 晩安❤️",1579445374,"/vivianhsu0319/photos/pcb.2412075785708808/2412075069042213/?type=3&__tn__=HH-R&eid=ARCJnhBNFKNMQTIlHUZ1vwq2FBWWslmiu3Nx99QfdUIpd_QSaXLUdl5kTx2AR97gcGnDRjUyQp3kBPiN&__xts__%5B0%5D=68.ARC3YLXrCwbgIJWeMZzPaGIWYMjghpi2urPWKBbPBW5bccLj8VpJBo1BUz9BApTauF1EfPLdwE6n_p1znJ7bTpNV6Mwr4Zk3r7oYSOYi6YMkOpOzZESX2R2uqFmv_KDonSSOp93cDLeYVc6NCoKp3C7gDNDRVQUeiLAEUR0QXUX_4gJFv0zsKjEiHcnrYIlBDIlfCktcHmqu9oFh_ksVwqJIGLbJq-dzyArPm4eYNzOkjXJqus4VONu4SvdL73nI1efssb-LuskWFEpkoE3YaD2nXuLvhJnP_c7LEWeZmLi7mNhp8K9em6_e6UQETAD7oZRFLUVC7_PPtwekVhJAdRf7rkM0","https://scontent-cdt1-1.xx.fbcdn.net/v/t1.0-0/p403x403/79931309_2412075075708879_5330777648173940736_o.jpg?_nc_cat=105&_nc_oc=AQmCCYMAnxkd67jy7xRPyMswikP8cDQxP4wc2-2HbzcaCjO17s3Czq6E0a10-o9Tatve3SZx8tqmcq0j0Nz9YV1e&_nc_ht=scontent-cdt1-1.xx&_nc_tp=1002&oh=0eeeeea7fa79653a40f3c346481a33ea&oe=5E94B680",undefined,"+5",""
"https://www.facebook.com/vivianhsu0319/posts/2418474708402249","1577169531","快聖誕節了，帶著感恩的心情～很實用的生活用品👍Thank u so much 🎁❤️
#百夫長行李箱 #CenturionTaiwan
#老協珍人蔘糖 #日本鑄鐵鍋 #vermicular
#頣東娛樂 #Peter Ho&Peggy Lin
#LeMoodhair #人蔘養髮精華液 #紅點洗髮精 #來自青蛙的鋼鐵心 #這一刻只有我最懂你 #Häagen-Dazs @haagendazstw 
#可口可樂",1579445375,"/vivianhsu0319/photos/pcb.2418474708402249/2418474285068958/?type=3&__tn__=HH-R&eid=ARBwfpjuBf7TZzXjRmRjJspljI4i9Qn9FQXFn9D7vECOieDjHH7sC7CUM3Lfy1yIeVPl5nmvMhbs1PCy&__xts__%5B0%5D=68.ARDkyfCOPdOfo47BXq8OOhIZgrozRceSQdlYPBssIiETeOWZrV46Na4GeiOWtOsb8AhQZ_Ep1NFgTZWOnIQuSny5NQM8CoF0xznNLPhEPGGw1GJuo3CorCu7SKx9r4L1SZX-RlmDtgo7D5VBfioivLtXWxH6PX9XggCDK_gKPmObqQTNn8vK0C1QVL_HApd3LAuqFpuSYFWFNQZRBOpZ0wi5HudXUep6RzNyOiqwwfJJZp9nYgOK-7xVmSz9VwNOZRBeDe_pHKVxOzqlmGnata8-oa_SghH3GnS6-ZD9rG1f-E-DWkrOvEAcCq8xdJOl1ZhhLT-uteq8_q7DvXDXEN2khp2M","https://scontent-ams4-1.xx.fbcdn.net/v/t1.0-0/p350x350/80461939_2418474288402291_5018889307960639488_o.jpg?_nc_cat=111&_nc_ohc=9QxBTDHhCccAX_0bblZ&_nc_ht=scontent-ams4-1.xx&_nc_tp=1002&oh=6fc800aaa0b4fb5f46acd830f14ffc4e&oe=5EA679CE",undefined,"+5",""
"https://www.facebook.com/vivianhsu0319/posts/2437744959808557","[Error]: TypeError: Cannot read property 'attribs' of undefined","",1579445375,undefined,undefined,undefined,undefined,undefined
"https://www.facebook.com/vivianhsu0319/posts/2396986697217717",undefined,undefined,undefined,undefined,undefined,undefined,undefined,undefined
"https://www.facebook.com/vivianhsu0319/posts/2405671646349222","1576027329","變身前 Before Transforming 変身前 #換色換心情",1579445376,"/vivianhsu0319/photos/pcb.2405671646349222/2405671546349232/?type=3&__tn__=HH-R&eid=ARDaTW0t4jX_tALzttqc184dQOkkfLzFGitKTT-dM_TZXdIlQOScyAJWcFDlikr2lvKZ9CfZsw8sGxqg&__xts__%5B0%5D=68.ARBRG3jP_K4A5bzqKfUdyiv1kdvtzzePXSAEIawjnVYL2ExM7ypVgbNCPYIxGln6UhdXO_972MLIj4cRQ5CDVmV4pQwp2fGpanitthT7IB9Ma7SjGVt7Z0ebdt65S97MqbjWj3wW3Lef6ehaSVGJvzgQzgbH53H4RpDoHnskPyxamzczp5AXnJdnFZEWc3djBQfG4yUwpmPeDvLNzcD0ATU5hPtsrtyO_oTCFHg_LBi7p0vz2HsKRllbewEmZCYspitt-dl7MIheGKC2Jl_SwnrvjPKZ9a3ACR4CBKvP-C1yH0VrsJ1bsFLpLdHTNSWxiR5t9Jo_-Hbsnu8AkCpjMLyxNx8y","https://scontent.fbkk12-1.fna.fbcdn.net/v/t1.0-0/s600x600/79476309_2405671553015898_74831258147880960_o.jpg?_nc_cat=101&_nc_oc=AQm8UPKzM2gYMaU_4V5Solxu92ysgXr10-N8UFP6K6dfSNSojvvvj3jHpS5vOXUaVr0&_nc_ht=scontent.fbkk12-1.fna&_nc_tp=1002&oh=0efa0bbf5cfbc6fa99e9ae57e9557acc&oe=5E937C54",undefined,"",""
"https://www.facebook.com/vivianhsu0319/posts/2413423742240679","1576720690","今天看書了嗎？
#和平國際出版 #不！我不喜歡被捉弄 #不！我不喜歡被恐嚇 #昶景國際文化
#小時報 #不想去上學
#大塊文化 #小輓 #打造彈性靈活的身體
#遠流出版 #孩子為什麼這樣畫？
#時報出版 #希望你喜歡 #郭源元",1579445376,"/vivianhsu0319/photos/pcb.2413423742240679/2413423322240721/?type=3&__tn__=HH-R&eid=ARDSZwoOw-_AQLnv86OqBkmE1sOFjeXUYTOz3K6G5H8O7wTMbHNeatWPEQChbZqLMkcaKZm713yY6l7-&__xts__%5B0%5D=68.ARCnbVYjYhk2LnFHojgJboQwmCwNUshih_2u8K-3WT4RQAvT-IGXJbJ28AO_DhuTrtDZAWUWxdVOpu7Ba1D-ALf3gPCX9aKZJUXzxs0Fh9YZKivNH3876YXEVjVylZVBOg7OqLeHDr24gkLHpdehl3LwQ6ZTYrq8ktTdJlq0tEnUOs-HlvJPSkLo1lCoF2Ng4l25Ub-XV8WOqzlkawmy4-liOlFm_cKKIpvyrKgCjz6CzJOuGNztiibZMn2FqGK0xM5ciCioC255Or-kS5Qf5XZuKCg09tMyXKb8Bq88Xsij7Yxg1ZXrAaUSy-ks0AwADYuxx-e_np1exi6UBi26Dga8zfrB","https://scontent-cdg2-1.xx.fbcdn.net/v/l/t1.0-0/s261x260/80446590_2413423325574054_8783466913574420480_o.jpg?_nc_cat=100&_nc_ohc=pOeI6yDC0GsAX8mGxY7&_nc_ht=scontent-cdg2-1.xx&_nc_tp=1002&oh=76bd1333cf30556ce35c0b1de742722b&oe=5EA5AC34",undefined,"+4",""
"https://www.facebook.com/vivianhsu0319/posts/2416908985225488","1577022857","清掃車窗雪！姊承認酒量不太好！但酒品不錯，不忘服務精神！",1579445376,"/vivianhsu0319/photos/pcb.2416908985225488/2416908811892172/?type=3&__tn__=HH-R&eid=ARB528k3M4_md0n2t9_pnWUaVC8gNDJRCZ0rZlhYRggCDKRMmXLEAtqDr3PKitw7nyAG6R_l6FBEuMl1&__xts__%5B0%5D=68.ARBQwfmsAX5uiMCNdTqLMroARg6oPOwrGLlI71oxWD7yxTETtWJP-MHeBEAb2xDAARLN7_I3GNc-4v-3MBci7EWtyYXhvAWziiZzlDwjLbGXsBr2GCZ_cWNnDF3Xv-roflr5lOANTlIJDziiIl1ZzwJpyMPCQC5ckeHrrQi19DHpdr72QXcvbWY0DSeCT5QfbojIH4cjxH5fd93v5noOh_9iBV7iwKfUIyPgdmOun-qPF7t5GDQa7nwmMfre0Dsi9flWWWd8jERFBRDvlHOqVdwpANP9pQvQAIiXA5y3j6NG6mnBwAiYM5DeGurB99Tn0UDSspt0bALv3mODqudfCLvXKP-k","https://scontent-amt2-1.xx.fbcdn.net/v/t1.0-0/p403x403/80951349_2416908818558838_6213997737990422528_o.jpg?_nc_cat=105&_nc_ohc=niXT8K89V6cAX92FSFJ&_nc_ht=scontent-amt2-1.xx&_nc_tp=1002&oh=fd15720fa5923b1aa7b2ce68b61db1e8&oe=5E98A6A5",undefined,"",""
"https://www.facebook.com/vivianhsu0319/posts/2411150035801383","1576515293","有沒有感受到濃濃的聖誕氣息🎅🏻🌲Thank U so much ~ Good night & Sweet dreams 
#giorgioarmani #scentedspectacular
@JoMaloneLondon #DeBeers #Whittard #fabianacofficial #Twiningstaiwan
#LegendColor #傳奇103 #回頭率100%的傳奇 #ShowOffYourLips",1579445376,"/vivianhsu0319/photos/pcb.2411150035801383/2411149695801417/?type=3&__tn__=HH-R&eid=ARDoWYzGMB-7eNjmDByzgdyWgJs0IQZbcxnVFl_Zz2l0GhL_jDQAZI2FKpVETHUprlRVyhe8ag_8U9JN&__xts__%5B0%5D=68.ARAohgIeFu0iMGf_DL3gW3ezVnJ_Q-WxgFrxU5rEssDrd5_IbVTGbGYcUU8qfYrsCJZz0tzQ6pS4i3cU74Cr10e1yF9_GL52erYUswWwXj2zLoRjWwMPMSaVC9Hg3IB3E51kTP2kO2HBodVXQJVPyBh8Fqp-ppj4zBvzsCGpVPMArOl9-C0B9u6OXnmhWIptdV9fBwX6DSTUN42vIV6g6XaPdRh49vqq7DyLTUV0sru02Rm-9zoQdZ28zrTtQynqFHA0XbGX1yNzxixr1AeL_QRGCuwr7c7rQ4aBSFfHQkumicQ2bM-tsZ52ejL8rWxkSEH3qzzOcpfkMlx2OqHZgLjMxXXF","https://scontent-cdg2-1.xx.fbcdn.net/v/t1.0-0/p526x296/78950939_2411149699134750_7493951382936879104_o.jpg?_nc_cat=110&_nc_ohc=JPydurAxN98AX-PD0_-&_nc_ht=scontent-cdg2-1.xx&_nc_tp=1002&oh=9c181b524e380f3e67d94e0af4a4d310&oe=5E98362F",undefined,"+5",""
"https://www.facebook.com/vivianhsu0319/posts/2414708072112246","1576840619","姊台北的小工作房長這樣！趕在年底前，重新刷新完工！煥然一新！亮晶晶～✨心情都好起來了！分享Before & After 謝謝我的塗刷神隊友‼️很明亮有没有？🤣
#得利塗料 #得利乳膠漆 #Dulux
#除舊布新 #你的塗刷神隊友 
#首選得利健康居 #得利輕鬆刷

 選漆、配色、塗刷、想要DIY或找油漆工班。不用自己來，姊大推 “得利輕鬆刷！幫你漆-教你漆” 陪你一起打造專屬的居家空間 ➡ 
https://085717.tw",1579445378,"/vivianhsu0319/videos/pcb.2414708072112246/2527970780821417/?type=3&__tn__=HH-R&eid=ARBlehksNDR5dtrY5TZ7GZjeMtgNngYuICRLHCwODCPW6jLUGjb1Y6O7mgal685G8bfWaYVrsiY_KTkC&__xts__%5B0%5D=68.ARABouTMX47j-PfW4sMiX8b3skc7zDrFL2lQ2I-w2zNXhY9bUukee-1PQxThMfAkI7DKq0SbFOVVFZzPydSB8CREahEDNITVfSaLOYnG-BiRpax3Eeg1oO0GRM18rXpApk-_wsY07O5flqXqA6DSmj-0hQvQZJrSCBXPequ54BIMphMe0N2B0mdT-2IaRh09GKULlKxkIoYIdC6FtHE76UYFx3rHPDTbZzV5uCzUz6PypKdD432WKkjFVPI7R0vikWzc0t4hjPD0-Co0cY3V-Z9kflDGXd5O4NoHXl6Pm2B8zizjnilJSmdeUmtea4H7r18luaDhArW-dEtQStS3Ph_vsqS5","https://static.xx.fbcdn.net/rsrc.php/v3/y4/r/-PAXP-deijE.gif",undefined,"It looks like you may be having problems playing this video. If so, please try restarting your browser.Close",""
"https://www.facebook.com/vivianhsu0319/posts/2423315291251524","1577590802","姊，攻頂了‼️只是下午3點上去、快4點才下來，龜速下降！而且是從Green下來🤣這裡真是初學者的天堂～ #每年有進步一點點就好 #初學者竟然也能上山頂的感動 
#Tomamu #克服懼高恐懼 #鋼鐵V攻頂了",1579445379,"/vivianhsu0319/photos/pcb.2423315291251524/2423315204584866/?type=3&__tn__=HH-R&eid=ARDVmkXZeJaSfaFCQjTeKhfG3QKgghnTLR7Lnha5VLysGsvmldGQFwmJSS_pbfYZTeUt_2UbqyUMZ-t3&__xts__%5B0%5D=68.ARCg_xlu8_2_DjMGCXZG1_GWO3Ot4y7xNAZIV3KfxDEJT5Lf4hLBkg7Po9u_m63TJSVNAFEIRjQUxLDCEaeO7YXCJ9GNd7_44WCKYnSZ9ikQT5gkWmGWYwdp_34PoQhEkWbBEmkVMhvo7Aqan8p46uRSzVrepQoS97b6kHVMqe6CpkaV-ShvjTTNDpyJdm6DT-XE7TBul36Tyl7qeze4U-0CP5ImQOIUqKm-J45bMwpW8WVBakRJENohmnIeUkZ-da3gJa08DoKh2RyHqpJsTWIWfVElnjY0c7lqHMxJwhRjN8kEnkZSkY-4hKQABOapFYyYFOMt_qerCTr4Fee56nc_mnsg","https://scontent-sin6-2.xx.fbcdn.net/v/t1.0-0/p403x403/81552274_2423315207918199_3759913082151763968_o.jpg?_nc_cat=105&_nc_ohc=JHY-7GZdu8AAX_VQwNo&_nc_ht=scontent-sin6-2.xx&_nc_tp=1002&oh=d05e98ac1cb736cade3abae178ace023&oe=5ED8FAD5",undefined,"",""
"https://www.facebook.com/vivianhsu0319/posts/2404836989766021","[Error]: TypeError: Cannot read property 'attribs' of undefined","",1579445380,undefined,undefined,undefined,undefined,undefined
"https://www.facebook.com/vivianhsu0319/posts/2405110443072009","1575981858","好喜歡復古的墨鏡！#Bvlgari #Bzero1 
Love this Vintage look Sunglasses
オールドスクールなグラサンが好き And Thank You so much #FW19 #TODSTW",1579445380,"/vivianhsu0319/photos/pcb.2405110443072009/2405110333072020/?type=3&__tn__=HH-R&eid=ARCtFHJ8U2w0Hk2agjcoUvrOTPMx6oRDQfN8cvSrOmtudvUsW-dSa1GEhfYAsJgzU_-TNNVEfHkJAW19&__xts__%5B0%5D=68.ARC1sppcBt8x4tIZFTatQAlP0BwduQZKQVYdkcp-Pt9qzx4unAkVAx9NtfUte6J9olUh2bps662NyIFBCXY_yHu3ytarDibOiZ21y-TPCJv-PEEcy1PuRfttZOKQm3i6_1C5Y1OtjRk5pCyhsLiJlnD2RLPpFRcwd8no8NbZJ1aJtyYaOFj_ODACayi_NNoSq_NnwTKY3GY9hqYgSSo8wy_sEbuMOmtemsp7czo8k4sYPXv3i0V0qF_dgIKUlYGA6jq1-XjEmaArCVk5jdA7JcWuGoTIZeas19pJSB0VjorVYipxBkOtY-khkKU-7iq33QgCfpBz6sDF_uzJMmhgTlG0FP4t","https://scontent.fhen1-1.fna.fbcdn.net/v/t1.0-0/p296x100/79001969_2405110339738686_3530536200475508736_o.jpg?_nc_cat=103&_nc_oc=AQkqIr15uJKIoqt1Fi0_dUrBNlJCs9xGZjYpgXX6DMxgXqflJEzCS6nSsYBIXqpdmmc&_nc_ht=scontent.fhen1-1.fna&_nc_tp=1002&oh=af8a2d165c28974adf2349feefaa7898&oe=5EA1B6C8",undefined,"",""
"https://www.facebook.com/vivianhsu0319/posts/2405837129666007",undefined,undefined,undefined,undefined,undefined,undefined,undefined,undefined
"https://www.facebook.com/vivianhsu0319/posts/2410603842522669","1576468986","快要回新加坡了。兄妹依依不捨～❤️ #Dalton哥哥最愛的小花妹妹 Going back to Singapore soon, both Brother
and Sister can’t bear to leave each other
もうすぐシンガポールに帰ります。兄妹二人離れたくないです。",1579445382,"/vivianhsu0319/photos/pcb.2410603842522669/2410603792522674/?type=3&__tn__=HH-R&eid=ARBp8m-QnIuvq5l-FXISIj83xWoT10Of_v5TvZYnpEC-qW1ErkFm7YZwXGBKaKaMa2oCaUUNzXLT8vyi&__xts__%5B0%5D=68.ARBDzuHNzPlXsoOA9bTdAnxReh5asMVovpdQVLq52L5QOnpuZX0ZKrCrGdJU_7T3DXx8eW1qwnxd71mPnd8Odf3CB4foOvVWUMwhzAQJO0bX-Bs3Wn0jN8X4zlp8SicEMSF2uJBAFiPS_7uEI84Paa7XWpS39-mNxhtHownOX99TqVkU9Rmx6LRQmguedPlFAcL7LposUYbuus6PGeal6kfAsKcSB2coHTSho_uiqApjRxkA2NOE8L7A-qy4F9e6fDx8vwfiK74FOnNUd8zpnfx5h7z_j16q5INJ_sMa-XOSRBIj4-rabfseiQ7_7yWuJCEyGRKy5DX-AYvcVOAvIFe87ZHc","https://scontent-sin2-2.xx.fbcdn.net/v/t1.0-0/p403x403/79672818_2410603795856007_1024192950969565184_o.jpg?_nc_cat=102&_nc_ohc=duNSHrqA1C8AX_FIWnh&_nc_ht=scontent-sin2-2.xx&_nc_tp=1002&oh=fcdf57983fcd416bcd6cf412a8d2adf3&oe=5EDBB2FD",undefined,"",""
"https://www.facebook.com/vivianhsu0319/posts/2414960085420378",undefined,undefined,undefined,undefined,undefined,undefined,undefined,undefined
"https://www.facebook.com/vivianhsu0319/posts/2398114560438264","1575361761","從台灣坐飛機來，給三個孩子的聖誕節禮物～冬天去滑雪，一人帶一顆，貼上自己愛的貼紙，就獨一無二了！安排姊弟三人做同一件事，這模樣好可愛！一颗好的行李箱可以用很久，娘這錢花的還算划算
💪🤣
#鋼鐵V育兒日記 #實用的聖誕節禮物 #行李箱 #百夫長行李箱 #Centurion",1579445395,"/vivianhsu0319/photos/pcb.2398114560438264/2398114413771612/?type=3&__tn__=HH-R&eid=ARCfxf3UmsnBj9b3jAbiGso-UfDynVCMDjX3NgETPI8jqpQj12j_oWi5EMcXUzQDjcWYTApSN3MrSrDZ&__xts__%5B0%5D=68.ARC5RJ6vCK2rjWrlqg6V66kxn2qvJXBuyjzLrAAb8vpfvvgpy0jYetphNfVZzZOU3X1hhUSFzKzXBMkiX1HCsdG5_wvArwJzcWUVerg7auXvcpSkf9kdAh6OrjUdLsAwDaWM9xjgWSt4ZcBnnf1S4qPGz9WzesGVVSZDHlDLk1znmYq2rwn7opg2aCokC8YPmNHILKvePGmK7BTV0HuEP3bXBFyGUZnv49NU6i5j-DliKigItR149eW2J3sN-AHFFb6PzM0kIrzbEYpQFJI5UZZzpsp3EjprHuSu6HBbW1ZAYnL442MXDcDd6rfIgZXEThu3qLQ8asv6hornjqRJNLV3c3Ba","https://scontent.fcgk23-1.fna.fbcdn.net/v/t1.0-0/p526x296/79009758_2398114417104945_7104639750337724416_o.jpg?_nc_cat=102&_nc_ohc=re5xFA_ffx4AX9IAsUy&_nc_ht=scontent.fcgk23-1.fna&_nc_tp=1002&oh=8cf25bf7b2969bb7b5d71cca5dafa2b5&oe=5ED0B795",undefined,"",""
